5.41504
1.50677
1.94373
1.97922
0.186992
1.47814
3.83679
0.768796
1.05454
7.47192
2.46487
0.459128
0.496755
0.982117
10.0822
4.4462
8.07293
1.27188
1.49595
3.00954
0.566086
2.13019
0.661839
0.458405
2.70871
2.41255
0.644105
0.922989
7.29719
2.58089
1.08645
2.60526
1.39963
1.81681
2.38764
10.1921
1.36339
3.19465
9.06502
2.18901
0.187059
0.997704
2.7808
2.08341
4.59029
1.72451
0.563281
0.284322
2.51899
1.0599
7.31084
1.05919
1.99002
0.665576
2.63761
1.3069
3.45328
3.13355
0.276675
6.49027
0.503914
3.75494
1.12421
0.614415
2.68682
0.405796
2.89958
3.48304
0.415623
6.20526
0.423758
1.70482
1.39715
16.985
0.452913
1.05033
2.65696
2.48549
1.40859
1.18396
3.52688
0.441824
4.654
0.0204996
2.17527
3.95837
6.93676
2.18808
0.413828
1.18016
2.77786
2.30581
0.555701
1.96336
0.381237
2.07149
0.0569979
2.52691
2.36951
10.1582
2.99258
2.71599
0.55558
0.786911
2.22282
0.60335
3.6037
2.16831
0.0531934
0.628871
0.992352
6.54504
0.720618
0.49003
1.81792
0.0184412
0.689156
5.06743
0.698768
7.93192
2.7041
3.52881
2.74057
4.43448
2.18936
6.04531
0.268712
3.47941
5.35688
1.97536
0.741816
1.30213
0.887741
1.49464
5.97197
0.933859
0.926459
1.58726
3.91109
1.32816
11.5542
1.34429
3.69582
1.72587
2.63041
1.57393
1.61061
16.685
3.93331
3.15558
0.74484
1.30335
3.59034
1.26969
7.88506
0.378263
2.80952
4.0562
1.00242
1.08523
7.40735
1.97377
1.84309
0.473352
4.26344
10.1934
0.702828
4.1961
11.4996
3.45878
0.853502
0.926583
1.8592
4.39175
3.37636
7.83967
0.313869
2.4685
2.51446
4.77567
3.03347
6.23408
5.06837
1.75274
0.614058
4.93642
2.78971
0.588829
0.246169
0.541786
6.33261
3.91703
0.892225
1.98741
6.2387
0.532367
2.49635
1.82866
4.1212
0.195081
1.94767
0.871661
2.93933
2.8274
0.101758
4.11563
0.782008
5.54664
1.00702
3.8416
3.81759
1.99067
0.627024
1.60379
4.76234
2.22949
7.34066
5.71508
0.0211535
2.8694
1.51437
3.61562
0.181875
19.2944
1.96913
0.0212101
0.498615
8.69721
7.45947
0.485401
8.13975
7.44644
2.89468
7.03045
0.653021
3.35499
1.94007
0.680267
0.491769
0.872431
5.57224
1.75014
0.977885
9.97798
5.62261
3.44722
0.585857
1.37088
0.722526
5.65406
0.196782
0.462364
1.11765
0.745243
0.00843187
0.90394
4.39584
3.27983
5.73293
1.77478
9.45614
3.76386
4.64384
1.09017
2.523
0.839029
6.6117
8.08457
3.54801
10.4878
5.13759
0.469143
6.7061
3.0108
0.568989
1.36539
4.99059
2.9899
0.699021
0.472579
0.10368
0.125659
3.24739
0.36088
5.34206
7.02647
6.99683
1.57201
1.60994
2.59123
2.31787
1.93595
3.03822
2.65102
2.22114
0.652933
0.40441
1.17849
0.170316
2.29991
4.27234
8.6043
0.718738
0.297278
2.34728
5.77411
5.24924
3.54535
1.61167
2.78591
0.103171
0.857904
0.428132
0.659951
1.26447
3.3564
8.08312
8.25301
0.727744
0.10083
3.63256
2.60057
0.272265
0.181126
4.57289
2.72396
8.98187
2.28149
4.87425
3.72229
3.22458
1.49732
1.39958
0.78692
1.43367
1.06855
14.2386
0.551251
2.34787
1.47581
0.244602
1.01973
1.73804
1.93802
2.20084
0.789888
1.28413
0.733062
0.477085
0.240696
2.01728
9.60732
2.39289
0.470949
3.00141
1.13558
9.06526
2.01034
3.62236
5.64043
0.697204
0.919402
5.30358
2.85518
2.54558
4.98707
7.83149
2.00789
1.4009
0.810147
11.6729
1.54537
0.211307
0.322992
1.31124
2.04319
3.70354
0.334977
4.7384
4.04166
3.51811
8.80289
15.9661
3.60363
1.17192
1.60309
1.93904
1.06454
8.54879
6.87254
1.82074
1.05538
0.189932
3.90348
0.55826
2.41093
4.97193
0.7795
2.32176
2.28806
3.79663
1.09269
3.76785
4.9145
0.437987
2.63877
0.381708
3.14869
7.56577
1.02709
2.17685
3.38379
4.33108
1.05092
0.936603
5.69205
0.0993243
3.31281
0.127632
0.0280081
2.06935
0.852254
0.421313
1.25514
2.9069
1.96506
0.489678
4.02874
2.58172
2.21374
0.2247
1.78832
3.65942
3.52048
0.473176
0.726588
1.15676
3.55185
0.810002
0.00450143
0.34007
7.76943
3.42693
1.58797
1.40316
1.39037
0.393535
1.80384
7.24947
1.57867
3.93154
3.47486
2.79001
0.378227
1.63327
1.99027
0.897748
1.71003
0.153782
6.112
0.421857
3.44185
0.920023
0.110172
1.25907
0.349582
8.53351
0.30307
3.52614
5.30038
2.1328
1.78735
4.32818
1.16085
0.166981
5.2741
0.529431
1.71779
1.15117
1.30437
0.242996
0.382875
0.415145
3.05149
7.82046
0.248233
1.66035
0.328614
2.69187
4.28636
2.27033
0.537401
3.62511
4.59879
0.96127
0.104308
3.92244
6.98873
0.467787
1.90976
0.724477
1.83913
1.84799
2.56581
2.19194
0.855727
3.38848
0.33429
1.97323
2.86069
0.397056
0.186872
1.92229
0.86118
13.4988
2.73762
3.93219
0.662447
3.61424
0.045732
1.79646
2.1026
1.54257
2.33746
0.949781
2.37124
2.64266
13.2879
0.326392
0.196774
0.524021
6.31501
3.87646
0.982984
4.18239
2.37014
7.20641
12.2605
5.07366
0.0613282
1.83433
4.91423
0.665359
0.979778
1.5472
2.33007
0.782748
0.585925
0.897411
3.64363
5.19583
1.78102
0.870558
4.98583
0.0539159
3.83563
2.30635
5.54154
6.46916
3.02369
2.45534
3.79954
0.809458
1.83833
11.0986
1.75902
0.248424
2.78366
6.57374
2.65486
3.6529
0.801169
6.43211
0.11683
0.312211
2.59795
5.92685
5.76412
1.96561
0.890635
1.86068
0.71427
0.773897
3.57292
0.855368
3.30023
0.892271
2.32408
0.463384
4.09704
4.00613
5.8576
8.3649
0.376208
0.0864021
4.2557
0.269799
5.75915
1.68336
1.3485
1.29986
0.694381
0.773822
3.64596
2.32262
4.26303
0.269022
2.04221
0.298163
1.18816
2.15848
4.80345
2.27798
1.47869
6.26529
0.520511
0.0397706
0.0944892
4.24586
1.2225
0.717509
0.40818
4.5236
1.41316
0.468307
1.46108
6.46488
6.01074
1.2425
1.646
0.271574
0.0163836
2.69859
1.24991
2.65799
2.05258
2.3075
3.10251
0.954368
0.549679
0.177203
2.34434
5.29157
1.18318
2.38404
4.84477
2.25096
4.86646
2.0879
4.60037
1.34644
2.15466
1.07176
0.276671
10.7531
7.42058
0.17985
0.272264
5.91106
10.749
5.35686
1.05756
3.39687
0.266799
1.04402
2.2731
0.9896
5.75502
3.02376
3.94176
0.945158
1.37762
3.78657
0.968243
0.374917
3.23914
0.334654
0.0440211
0.573914
0.623119
0.742494
0.0808259
1.35032
2.65526
3.9126
2.3168
10.4978
0.401236
2.1889
1.67656
1.17413
3.43733
0.512534
0.844026
0.8664
6.32441
0.859106
6.12245
1.50371
15.7818
3.07701
9.88791
0.463492
0.674951
4.34439
2.89276
0.0215631
2.43616
1.49782
11.7531
4.65881
1.19594
0.512588
2.24706
0.316297
1.55521
2.06658
1.9575
1.61562
1.95078
2.54157
1.85041
1.74937
1.10987
2.91275
1.25988
1.6972
4.15712
1.17088
2.89377
2.07996
0.62693
9.66381
0.83734
2.95412
1.45443
3.40292
5.03057
2.10571
2.89258
3.02218
5.37109
0.186247
0.989975
1.10709
3.51952
1.16902
0.324265
3.14891
2.9727
4.40524
1.19301
4.59505
0.494433
5.8541
0.156008
1.05914
2.46116
1.87331
3.9829
2.96322
0.252491
0.243527
3.91688
3.63032
6.09411
0.327844
6.58686
2.27118
2.32117
0.493888
2.42214
2.33573
1.37213
3.79346
7.01071
1.81251
2.46697
0.0888717
2.26033
0.220529
2.02936
0.105613
2.81912
0.407672
2.58653
8.09308
2.53588
10.3138
1.58534
0.693625
2.32716
0.71156
3.9372
9.62659
7.76096
0.632391
5.55127
0.910466
17.9591
5.0073
1.30227
0.0985779
3.33365
2.28162
2.73395
7.62407
0.870467
0.000142147
1.16923
1.68521
0.435538
4.55816
2.59646
9.57771
4.19177
8.27522
4.9194
6.0519
0.657243
4.52007
1.00236
0.218905
3.67423
4.81501
6.71974
3.08784
1.4614
1.0071
1.49587
1.10727
6.28461
1.75252
2.78719
0.714374
4.4807
0.620177
8.50903
5.77375
1.24344
9.00495
14.8434
2.23391
2.76425
0.487875
0.614743
5.11948
11.8451
2.49782
2.17123
0.463279
0.391704
2.33297
4.39281
1.28415
2.53744
1.26403
1.14146
0.913238
1.84591
1.22663
2.83661
2.8262
1.81945
5.51674
6.37609
2.56557
0.535719
4.5592
3.79662
0.0732955
0.0734415
1.28298
4.95218
11.6653
4.36613
1.45559
1.32195
0.51035
0.358461
8.73961
5.19211
0.187657
5.6987
0.557758
0.829085
0.0110919
4.88088
3.76352
1.52057
5.05557
0.454298
2.33961
6.59775
4.5525
0.922717
7.19644
0.474827
9.34853
0.512736
0.372929
0.0236176
1.28085
1.12673
1.1093
6.13798
2.07405
3.25493
6.27082
3.75048
3.61551
1.11545
5.91947
0.120585
0.531468
3.80873
2.20094
7.28765
2.1009
6.55119
0.793218
2.10161
0.0865864
1.36386
0.117521
3.17268
0.528541
0.12602
8.11701
2.23398
3.65391
2.18487
0.988833
1.09492
1.20554
3.60427
2.31135
2.22565
1.20626
4.03059
0.467821
1.0857
1.6391
1.44662
0.835464
1.09394
0.635326
1.36118
2.90708
2.93952
1.85628
0.761782
3.03716
1.97901
3.02233
0.775421
0.473607
9.77287
0.819896
0.571287
1.17025
1.03928
1.82839
2.6147
2.67693
0.00606483
1.13592
3.06889
2.30734
0.304023
4.42767
3.31176
1.63811
0.566663
2.02218
1.44092
1.6491
2.72054
1.32637
7.6986
5.60119
1.43857
1.05284
2.32091
0.324881
0.42266
2.10212
2.36353
0.853939
1.60682
1.83885
1.5815
0.00404102
3.66944
0.942876
2.47751
7.21322
0.922621
0.0611853
2.45676
0.45458
1.95229
0.913306
1.59302
4.02776
0.694916
2.76403
6.33815
0.72526
1.58876
4.92305
1.84814
0.455251
2.84633
6.0866
2.2708
0.236818
3.81754
0.00725867
0.482249
0.394564
1.36822
2.39094
7.42439
0.79142
3.68511
1.21338
11.7106
12.2026
1.08994
0.0190023
2.35196
3.13894
1.82347
0.582835
2.81985
4.87783
1.20692
3.99475
0.692225
5.29143
0.758029
0.554307
0.159789
1.71566
4.23128
1.22745
1.75679
2.63028
0.46922
3.65521
0.0244769
1.65119
7.97716
1.33456
1.34116
0.37912
1.49614
0.0586061
8.19437
0.741506
0.822168
5.26731
0.0272245
2.00842
4.48174
0.786286
0.0658591
0.780263
5.9457
4.25068
0.0683412
1.71261
0.98493
4.33818
8.22513
2.49436
1.85164
0.16898
0.421714
6.21029
6.28244
0.178101
0.601572
2.4504
0.536338
0.32879
1.24097
0.31295
1.71966
1.65165
1.59617
4.04804
4.13331
1.21509
0.126082
2.07579
3.52928
1.26731
0.628441
2.26239
1.10867
2.23006
1.46663
2.93524
5.06448
6.31124
1.25562
0.470945
2.00896
17.5832
2.6192
4.07905
1.97471
2.02557
10.7167
7.13134
1.03005
3.31707
4.89838
0.812303
0.891621
0.712494
1.72229
3.56235
2.39912
2.4654
0.343151
7.08871
0.531118
0.6114
1.62975
1.12423
0.376586
0.45523
2.64182
7.06205
3.48815
3.04964
0.873675
3.98147
4.80272
9.8011
5.56728
4.01724
4.90268
0.0935301
2.68686
4.47042
6.89404
0.920865
1.37095
5.44142
1.04935
3.92925
2.10383
1.04924
3.10312
3.51924
0.81864
11.8174
1.21181
2.26961
0.381827
1.7052
0.0708142
1.58925
0.295599
8.02895
5.15245
0.674268
1.29397
6.29155
6.2492
1.9844
0.950595
4.53564
1.11645
1.03807
0.763493
2.23341
0.837424
0.286915
1.20671
2.76304
5.51891
1.12135
0.192423
2.88992
0.785211
1.2537
0.953217
1.74259
3.05255
0.364934
1.69696
2.44841
3.74582
1.25398
0.950665
0.0493122
3.204
9.28834
3.62066
2.26377
2.09901
1.42972
0.542397
0.0443527
0.139449
3.0791
1.80253
1.414
3.20949
0.25349
8.36658
0.871146
0.106911
2.34121
6.19477
2.34707
0.986288
2.2586
2.17903
6.57855
1.7629
2.54729
0.209599
0.28617
2.12637
2.82024
2.44703
1.59203
2.95619
0.115788
7.78179
5.02472
1.21579
2.89857
1.71152
4.43036
0.352017
1.2402
7.10064
0.57872
0.938396
2.85696
0.925424
0.465055
1.85858
2.25407
0.669271
1.72131
4.95793
0.39231
2.54329
0.901844
1.42495
5.59505
1.7056
0.654461
2.38097
5.73281
6.16861
2.41655
2.2078
0.939283
5.29311
1.36748
4.43458
11.4585
0.00385357
0.143505
3.55183
0.654655
2.62741
1.01873
1.39578
1.19423
2.70068
2.99967
0.766385
0.420383
3.47562
0.0712606
2.42504
0.415085
0.147173
2.05174
0.40407
0.648816
1.01758
5.24691
1.88716
0.268537
2.09513
0.60754
0.753116
0.555661
0.0755263
1.33486
0.121622
1.94446
1.02845
1.55904
4.41341
3.55349
6.90675
0.651564
5.4143
0.448489
1.00608
4.43841
1.24832
2.40033
0.155504
6.10607
0.0788799
2.74904
6.81875
1.07479
0.602883
2.97251
5.73954
1.68736
1.134
0.73782
4.76353
1.31159
3.05457
2.06547
7.13652
3.57864
3.43287
3.44652
3.99503
1.88024
3.39604
1.10048
2.81876
0.131033
1.40035
0.0893222
3.27839
7.94933
0.255133
4.53104
4.93162
1.51493
2.287
2.64142
0.446452
0.929418
1.89467
4.57495
3.00605
0.505267
0.832081
4.38892
0.00357543
0.757834
1.51933
1.65282
5.04348
5.93564
1.38102
3.39637
0.441166
8.28972
3.11487
2.51299
4.60741
3.09686
4.84957
0.414382
7.93454
1.02541
6.27854
8.51024
5.16642
5.74374
1.96913
1.54711
3.88587
8.71564
2.66227
1.90271
9.18003
0.996665
2.1385
1.26157
3.81294
1.52322
8.83666
5.97161
2.63572
1.12101
0.158144
4.76161
1.07161
0.10842
1.26467
0.0479624
0.181386
1.71118
1.8813
0.606889
0.430276
0.731677
0.131287
5.86005
1.01434
5.7705
1.89441
2.87979
7.78383
1.59981
0.815003
7.1568
0.279614
1.21926
0.481945
0.486214
1.42086
4.90221
0.93423
0.392511
0.0599705
1.48144
0.389485
0.905461
0.73146
6.79806
2.00221
1.1198
0.0482429
5.15032
12.813
7.51665
0.786637
0.448149
0.311603
8.67147
4.94697
1.185
4.20801
2.158
1.92475
0.384401
2.74165
2.49839
6.48791
1.63863
4.72296
2.34588
0.0193764
9.38719
5.29074
1.76703
4.60038
5.59736
3.26332
0.0681395
0.179369
1.55616
1.64177
1.98335
11.4269
1.80135
3.13689
4.83309
0.18854
0.329505
17.4123
1.00783
0.573133
3.20102
1.15149
0.924303
3.59066
13.1808
6.87549
0.0494847
1.29716
2.12238
3.3252
0.325401
8.04115
0.742184
1.2706
1.36695
4.59215
8.08162
0.718083
1.71595
1.32616
6.46555
0.763789
0.827869
0.323454
0.296121
0.111676
0.936844
1.59325
2.18162
1.94273
1.16519
3.29051
1.82656
0.103062
2.13822
3.06759
1.01557
6.63376
4.67569
0.869224
0.279523
3.06207
3.12229
2.86374
1.93075
11.6978
4.40769
3.05378
1.27236
1.38201
1.68711
6.21275
1.17788
5.53673
5.24197
1.126
0.0654175
5.24535
6.9279
0.0995798
0.094925
1.14646
2.07681
0.697035
2.3037
5.33979
2.44273
2.39091
1.91328
2.01426
6.33758
1.5995
0.443473
0.830831
0.645715
1.62693
4.71871
0.671802
0.0949646
11.1056
0.659201
3.12652
0.195771
10.2308
0.68153
1.80018
2.46702
3.27009
3.66129
0.086968
1.75158
0.0739388
2.09604
5.90537
2.41077
0.218831
0.330714
2.92585
1.11163
2.8336
2.23337
1.30482
2.89212
3.7971
1.52065
0.321007
3.90977
0.859833
0.80986
0.168324
3.60872
0.312727
1.92373
9.49859
5.50259
0.673849
0.253733
7.8226
0.90391
0.995573
0.478713
0.236377
0.345187
0.453224
1.87159
0.0880961
0.81143
4.81003
3.17786
0.901348
5.48906
1.26709
6.15101
4.35852
0.758861
1.36206
2.91237
5.52322
1.04548
0.419618
1.2217
1.37207
1.29739
2.45612
0.886539
1.16173
1.06673
2.14859
0.0846348
2.6818
1.0759
0.187981
0.281284
2.31517
2.49173
0.40252
0.0653113
2.57212
3.17613
4.42566
1.68943
4.35481
1.60498
0.0168909
1.33217
0.11758
4.30732
0.68734
1.10819
0.278807
1.25014
2.67561
3.15174
1.48647
2.05178
0.102835
0.0184256
5.64529
0.269016
0.550557
0.369462
1.43415
3.42794
5.72127
8.84713
0.228611
0.725455
3.5785
3.92275
0.0601411
5.18359
2.11561
4.70738
3.18605
0.176471
8.6696
3.85218
0.00321306
1.36736
0.147377
6.92349
0.749461
1.31708
3.72548
0.417492
2.00595
0.33756
1.36635
3.69178
0.189808
2.5861
2.81092
0.861424
2.48026
2.97499
3.92012
1.11671
7.51654
0.210958
0.281609
3.36687
1.38566
0.616975
2.98028
1.69741
6.55625
6.7509
0.985014
1.15558
0.413999
1.23314
3.26821
4.3342
0.49224
4.26745
1.76858
6.24564
1.52516
1.70803
1.74267
1.16244
1.5867
2.66996
3.79684
0.482323
5.7462
3.84954
3.44831
4.36711
0.0930749
3.94322
2.0488
2.17822
1.40096
7.81289
3.95469
1.65912
1.99344
1.76974
0.732069
0.736276
2.72167
3.14315
2.53898
5.12098
0.717591
10.3802
0.348775
2.79473
3.86917
0.45517
6.17973
9.07286
2.34695
0.684877
1.85344
0.264649
3.85722
2.00432
5.31563
4.315
5.5504
9.41022
3.08745
0.221329
0.897702
7.99393
1.44171
1.05623
0.740717
2.12561
5.97053
0.0829984
1.36495
0.269133
6.031
0.159197
5.13558
1.07686
0.698497
2.90077
0.35533
2.46247
7.82408
1.32564
0.0313615
3.9259
7.10209
4.4563
2.25185
0.900607
0.230932
0.332416
5.77903
1.43457
8.84189
1.23044
0.999221
0.209469
2.0582
0.141459
2.04781
3.9401
0.0070364
2.74086
1.0504
7.13519
4.06147
0.0206649
11.5301
0.304684
3.75053
1.92503
2.94564
2.22349
2.01308
0.290725
1.06498
4.6382
6.58299
3.0077
0.575803
0.137721
5.06683
3.41371
3.12968
1.22432
1.58011
3.48051
3.00751
0.229222
1.40147
2.78745
0.552266
0.205052
0.294662
1.87059
2.43532
1.79333
2.11019
1.3379
3.41989
7.75917
2.48001
3.46956
1.03547
0.820488
2.82661
2.91627
1.49031
1.16559
0.456544
3.43962
24.6419
0.23059
0.594492
0.218168
1.81541
1.6178
4.55157
0.348061
0.58744
3.51281
4.06767
0.990124
0.198986
0.206557
3.34934
0.0795824
8.51585
3.57896
3.65687
3.51076
4.83569
2.35514
0.24742
3.75359
0.998105
4.82429
7.30368
0.804038
0.210509
11.556
2.89305
5.08401
6.1349
3.66457
1.65207
0.407521
1.89424
7.77148
2.97074
1.10489
1.45678
4.62694
1.6703
2.79936
3.4178
4.63608
1.03167
6.47332
1.34626
7.2473
1.0451
0.0968414
10.3031
2.33125
0.957083
2.58447
5.63304
1.9985
0.534666
2.49481
8.10578
0.298243
4.68826
4.6865
6.34164
0.284679
0.528043
2.96261
0.323703
7.03569
0.125266
0.743808
9.0932
3.67026
0.128278
0.337258
0.572313
6.21036
7.11619
5.84274
2.59753
1.19175
0.226941
6.58446
1.83473
2.34406
1.0743
2.73058
1.69648
1.37124
2.87099
3.52649
3.38833
1.24526
0.652628
0.31301
5.13956
0.986967
1.5941
7.91115
5.95625
2.18853
5.92601
0.976676
0.34608
2.34918
0.680788
7.521
3.82837
0.201007
10.4829
1.25355
0.969249
2.62384
2.88584
2.71388
0.631669
1.90676
0.340376
13.0564
1.95238
3.19192
0.936912
0.749048
1.14919
0.495194
12.0688
6.02966
12.6933
0.497267
4.83144
7.79601
5.50518
6.63998
0.44966
0.338882
5.30636
6.37342
0.0571414
0.643021
0.313258
0.0993611
6.84337
2.07999
5.99253
9.51322
5.78795
1.26415
8.1282
0.878608
6.54449
1.27423
3.99956
1.49295
0.439666
5.38024
0.708169
1.58969
2.18
1.39128
3.31908
0.437827
0.269265
11.0007
2.08429
1.49224
3.50222
5.04736
1.49222
2.80748
2.36547
1.1155
1.42448
1.32911
3.83633
0.15694
3.05695
1.08588
8.80824
0.500621
3.03302
4.24276
4.13857
0.947202
11.4471
0.8806
1.98141
5.39017
0.07965
0.0468259
6.4938
6.22925
0.185816
6.17858
4.98456
3.34826
2.63945
4.03978
6.02402
3.75741
2.87799
3.04609
5.86904
13.6557
0.0808706
8.07105
1.79542
1.26937
1.14145
0.68927
2.46283
2.14409
4.68834
3.5768
0.304496
5.68218
0.965511
1.61671
1.00918
2.10777
10.9621
2.07463
7.40642
2.77339
4.21996
5.8225
5.44536
1.39124
4.70765
2.15449
1.34882
4.56647
1.66294
0.107402
1.27906
4.15577
0.506301
7.08183
10.9532
2.91204
11.7546
8.01618
0.33458
4.21848
2.34642
1.21323
2.88689
2.77273
6.73734
1.54571
0.954201
1.06806
1.13771
0.782965
0.439095
0.658837
0.323593
8.27765
2.93757
0.900252
0.155745
7.96711
3.23357
1.1658
0.0623369
6.46343
6.27713
7.22762
5.73258
1.22179
3.61137
0.220858
0.977356
6.20208
1.59303
0.837866
15.7951
0.295403
10.5449
0.886535
3.52508
0.10172
2.3337
2.22232
0.263301
0.0737097
2.98298
1.64754
1.11758
0.614065
2.50979
1.50821
9.83495
1.23157
0.532613
2.74368
3.04917
0.138339
4.86228
0.00753562
7.18563
6.57891
2.28487
2.20269
1.89995
2.62092
1.41982
11.4248
1.15046
19.8149
2.76759
2.20013
12.1549
0.910421
2.55623
8.22693
0.612628
1.17494
2.27011
3.08384
2.70871
0.936562
2.31561
2.69581
2.33055
0.860563
2.63105
2.79832
2.1708
1.62855
1.30239
0.815925
2.63974
1.1982
1.54959
3.62558
2.73518
0.220387
1.14242
1.13005
1.59127
1.49221
3.27946
1.51533
1.69552
0.111755
2.48236
3.19313
3.43936
1.31744
4.95806
0.525287
1.29034
10.7329
1.41841
1.29819
3.70433
6.93375
2.21639
0.71684
0.898344
0.329786
0.338296
0.127734
8.55346
2.02665
0.229079
2.38226
0.614801
2.55453
2.45245
7.6205
7.59005
2.34165
0.385801
0.350228
1.41358
0.0411328
9.2346
0.500985
1.99095
0.242776
3.92328
1.36455
3.14988
0.816696
5.9651
1.6967
3.61678
1.19531
17.8311
2.16225
19.8268
1.29941
2.77182
0.820812
2.60955
0.144063
4.21828
1.49265
1.88643
5.04242
0.551689
2.67924
0.137271
3.76819
0.530589
2.78766
3.11152
0.894607
9.67307
3.17796
0.207364
6.60854
0.249744
1.70383
1.60744
5.21123
0.719955
10.222
6.22414
1.65605
3.16641
9.48291
0.237628
0.609034
0.769812
0.61894
3.55076
4.51415
1.36018
2.4645
0.624975
4.37118
3.65258
3.07901
0.801234
1.33298
1.93073
6.66863
7.19023
6.14042
0.179362
2.37834
3.00177
1.53949
4.77037
1.95695
4.02734
2.94292
0.364836
5.3691
0.665135
0.660222
3.92795
3.92013
0.42129
4.15148
0.120892
2.93736
3.38582
1.88614
6.96603
1.49631
0.843817
1.6278
0.218826
0.367926
5.68705
0.150618
3.23042
1.28615
2.91177
2.6947
1.04144
1.35131
0.984273
1.35062
5.2919
0.983889
0.46313
1.34068
1.23901
0.836069
3.46999
1.42979
1.29281
1.68603
2.95594
6.53186
0.326505
5.02166
2.87191
0.128112
2.79348
5.11299
2.83269
1.32767
0.180497
1.04647
3.33818
0.660193
0.377348
0.164203
8.37918
0.049404
2.49839
0.854272
3.29167
2.04752
0.117686
4.58816
1.75875
2.50429
1.69139
3.0999
6.15092
2.93409
1.49847
2.27743
1.17188
1.36023
0.151816
3.95444
0.843972
0.572147
2.5814
5.76312
1.09077
1.4245
2.07835
1.43909
1.70001
0.474731
2.09436
0.588287
4.71495
0.415638
2.07273
4.93583
0.706425
0.244805
1.34278
2.14927
7.46356
0.976775
2.27293
0.921922
3.24264
0.212352
2.09515
0.607444
0.31618
0.685819
0.183668
3.43776
3.92162
1.41527
0.794429
6.27827
0.919941
1.17666
3.02097
1.29078
2.44793
3.49216
4.1392
3.62064
3.81275
1.19272
2.6651
1.0762
5.2697
6.21772
3.39845
0.572625
4.26747
0.800877
7.45085
4.83974
1.83906
6.71397
1.792
4.86458
0.698775
0.896747
0.13241
1.02624
1.9074
0.339392
16.138
1.08007
3.61787
0.856373
3.10829
0.429781
0.994846
5.04492
0.106138
5.37983
0.00980044
2.09378
1.27498
2.51293
3.17813
0.224238
2.67082
2.24055
5.40923
1.52765
3.43666
1.45375
1.82694
0.0735696
0.699752
1.1162
2.23013
2.66681
1.14088
0.306
1.95205
3.94524
2.98461
8.34429
0.988711
10.1164
1.18705
8.00955
3.0198
1.63811
0.568335
7.77373
0.961379
6.96063
0.78085
0.30391
0.0115656
3.43904
6.47841
3.26992
8.42235
6.00926
3.47791
0.652637
0.374974
2.5708
1.59843
3.02406
8.26906
23.2253
1.02547
4.63887
7.46727
7.35757
0.822662
15.7072
0.844873
8.05966
0.270381
1.39386
0.763428
0.90489
0.425708
0.437173
3.14587
0.16838
2.95915
1.18226
1.53694
0.161013
2.62267
1.78933
6.61197
2.70068
0.122165
2.07157
2.23173
4.20335
0.359055
3.12711
1.00306
2.86412
3.85455
0.855974
0.0993428
3.29404
2.89997
8.80646
7.49911
0.932742
0.738631
6.50597
1.21871
2.17044
1.84476
4.24997
3.39638
8.96339
0.193766
0.206188
4.25331
3.2601
1.38084
1.18428
0.758704
9.14048
0.535467
0.999424
6.84069
1.2295
0.0971323
11.8821
11.8405
0.975074
0.347275
0.156119
12.2734
0.782701
0.771508
1.96275
1.68852
2.21544
8.6519
0.618113
1.81197
2.71373
4.11662
1.70397
2.02816
0.569819
2.12149
9.88691
0.0861252
2.85478
0.386016
0.123908
3.04923
3.44323
0.787614
4.53672
2.48076
3.48237
1.41477
3.40583
1.23734
0.358249
1.35978
1.52561
0.384309
4.21326
3.75285
3.14185
10.1001
0.653168
0.35454
1.79639
0.0928184
2.03087
1.03582
0.0833612
13.5761
0.174058
0.394448
7.07473
2.66273
0.0627407
1.2819
2.62682
2.38992
3.92137
0.201182
12.6865
1.18963
1.34161
1.28591
1.2305
2.97684
4.18377
5.00271
4.82153
0.228121
1.07887
5.01296
0.987185
5.38149
4.66777
0.065529
1.94109
0.415879
6.93199
1.33323
6.65192
0.294165
2.81033
2.6162
2.84774
0.967089
1.53637
1.75835
0.443704
5.52178
0.348688
7.3053
2.05512
0.791958
2.92053
1.2682
3.64616
5.38325
0.802359
3.14093
4.6154
2.52273
1.18462
0.106589
0.0386364
0.702394
1.17095
4.87456
5.48698
1.35892
3.36752
3.66677
3.59671
4.3175
7.26001
5.28162
1.78411
1.90638
5.76474
1.88193
0.239906
5.12376
6.84864
6.54845
0.835218
2.88562
0.0855776
1.36632
0.169837
5.08534
3.15955
1.98128
2.47747
7.06433
3.96539
0.203148
7.38463
3.81585
4.09307
0.925291
1.52979
1.18064
3.66136
2.88042
3.83425
1.39019
0.0504866
2.99422
9.27268
1.38292
5.65392
0.0706856
6.1138
0.0408041
7.97696
1.76359
3.55979
1.33724
3.89517
1.88364
1.22116
2.61222
0.979572
0.34598
3.50129
0.219114
0.334844
0.378586
1.20347
3.34353
2.11848
1.4271
4.40038
1.95102
0.791542
11.6691
4.14146
3.39192
2.29159
0.141855
2.20043
1.55181
7.41168
0.0522354
5.48782
4.19978
3.2438
8.84169
2.59756
2.82594
0.115142
0.292573
8.03874
2.74176
0.450842
3.77787
3.06785
1.59557
1.9726
1.62464
0.621015
10.9801
0.858835
3.28434
0.149701
4.2886
1.61016
0.616641
2.51338
2.64249
0.928501
0.805114
2.89363
2.05333
2.20605
1.6268
1.7015
1.4439
5.98552
2.62643
0.0219443
3.98835
0.853018
2.71169
0.777334
2.17837
3.02027
1.36598
1.73831
2.4126
3.44427
0.21506
4.16294
1.0687
3.59481
2.08369
0.132374
0.97016
0.917591
0.193056
4.13351
1.17527
1.39705
8.53967
1.35147
1.0737
1.1516
0.649516
19.4917
3.23691
2.9114
0.865782
6.83755
8.79385
0.175969
0.029311
2.82289
4.35919
2.16885
0.697183
3.0155
0.560172
2.74812
4.9879
4.70345
0.267354
4.30712
5.13045
2.7929
0.253531
0.938693
6.13496
1.97847
4.46329
0.176154
3.43949
0.774826
4.42779
0.797263
3.45489
0.383352
0.0575456
2.78034
2.84182
1.47091
3.15953
1.04223
2.27639
0.342769
4.23288
0.553624
2.90629
0.764083
8.99024
0.109418
4.71058
0.436365
5.80519
1.46769
1.69895
3.93541
0.143426
0.347344
6.29686
0.790723
2.8871
2.56693
0.00765828
1.08508
3.05078
5.92727
5.90883
2.37283
0.744631
1.95233
1.5354
1.35343
1.64931
1.70332
0.321701
6.55919
1.67582
3.1522
1.19882
2.12772
0.53609
0.0531567
5.01799
7.46401
3.56677
2.35352
0.680171
1.01032
2.50732
1.87202
0.0405543
4.67959
5.85457
2.50303
5.1537
2.88242
6.48205
2.68303
3.86635
4.11337
1.48178
0.193444
1.81224
0.519087
1.84266
0.166716
0.53269
9.29188
0.446566
4.48873
0.148722
0.0455793
0.156886
5.74799
0.0761407
6.52889
1.0751
4.26054
2.20894
2.5436
3.53566
2.6956
5.7963
2.08561
0.431461
0.440439
1.77083
0.451987
0.111547
7.09427
1.93201
3.75035
0.821141
3.2036
0.239881
2.10695
0.0134797
0.336879
0.0744358
1.81535
0.518239
2.05352
0.206195
0.789392
0.860697
0.327595
0.137551
4.11706
1.21054
2.36304
6.0294
1.84968
12.921
0.0168669
4.7753
3.37755
1.0211
0.483588
4.61121
3.50459
1.17872
0.318912
6.01242
1.01152
1.29689
5.46375
0.110533
2.06485
2.43452
3.99028
3.62881
5.95905
3.2415
3.76589
3.9528
4.69907
3.28908
3.5533
2.76861
9.15437
3.84483
1.02147
6.89809
2.84291
0.884089
0.470983
3.226
5.00823
12.8503
1.72507
2.65207
2.95866
2.42168
0.281662
5.099
0.309122
4.3717
5.86101
1.49752
1.52095
2.141
2.3074
0.166087
0.720538
3.91405
4.91596
0.250794
1.21116
1.74158
2.00885
0.979327
2.94778
0.755548
0.390607
2.6841
2.6219
2.66638
1.63708
0.486163
1.76151
2.77635
1.65765
0.543013
2.06932
2.80463
2.07632
5.06518
0.69031
0.257204
0.378955
2.95081
0.796258
0.0647105
3.88335
2.84354
1.15107
0.271324
5.37171
3.13047
1.32445
0.332389
3.81183
3.45542
1.75899
4.23816
3.37081
1.2099
2.75369
4.32064
1.83442
1.09809
1.0623
4.28591
1.46387
0.225616
3.00836
3.96896
2.5915
3.48024
2.00542
1.41608
4.81053
0.811647
4.41894
1.27893
1.54991
2.99252
1.53025
0.842727
1.19073
3.40491
0.563786
3.36231
0.0334769
3.04802
6.75937
0.141318
3.08143
0.957795
6.93436
1.27507
2.10013
0.0413779
2.89285
0.321513
0.941059
4.74641
1.72153
0.00897143
5.12353
0.204341
0.482687
0.941829
8.43621
0.637431
0.719504
13.4545
2.78926
11.768
0.232027
7.79727
2.68139
0.0349428
0.37191
5.80545
2.49984
0.220085
5.4932
2.34575
7.529
2.32086
1.25669
5.3627
0.583791
1.9768
1.00903
3.52401
4.45962
1.7541
0.757752
5.30276
2.35737
0.291531
1.92658
1.11862
2.46026
1.3827
4.04279
0.635891
5.67452
0.994823
2.31349
7.14268
2.7922
4.8055
2.10506
2.17822
0.694304
0.417004
0.582479
5.56698
0.499866
0.256273
1.69715
0.00700587
0.0484913
3.03585
4.16866
0.217397
6.32538
1.26277
1.27706
0.68594
0.951888
1.66561
3.77884
3.32832
6.70419
0.434303
0.411797
4.14286
3.98318
5.17172
4.29494
1.48599
1.54664
2.24259
1.59366
0.124997
0.355891
12.5653
2.28316
1.91468
0.226022
1.62488
1.01218
1.9069
0.0574543
1.09271
0.160968
5.41594
1.1259
2.37373
1.57729
0.0552711
0.353131
2.69946
9.26613
2.24659
8.82657
3.6112
7.82096
4.65699
0.366687
3.26589
2.68067
0.851692
0.28122
2.75688
0.568011
1.45266
2.20829
3.75835
2.63077
4.21725
5.71915
1.13945
1.15012
1.2245
0.0978418
4.6551
6.16425
4.35945
0.507938
2.14242
3.97542
0.179137
2.00599
0.866208
10.4949
6.10208
0.115828
0.547049
9.07172
3.59426
2.38596
1.29204
4.3672
0.722236
4.30903
0.741346
0.906748
1.41752
1.37289
9.09631
1.72767
2.1715
0.000304123
1.01262
4.58933
4.91575
0.496995
0.691436
0.251067
1.5154
0.0266585
1.6251
1.72644
2.43661
0.68069
0.567567
3.77759
3.38335
1.61072
1.34717
0.6425
1.11593
0.0994999
2.95609
7.30424
0.0833681
2.99324
5.26945
0.855713
4.75761
2.32815
0.591082
11.1548
5.37402
0.619954
2.16405
6.59391
7.98195
3.95431
2.95646
1.68425
2.71947
0.531493
7.93077
0.0265273
2.06178
4.4368
4.15882
3.0762
3.45274
6.3005
5.46311
2.48697
0.551828
2.24427
1.21938
2.4556
1.34315
2.69231
6.61367
1.0427
3.41328
3.09649
0.442642
3.2766
3.27761
0.0315632
4.76464
2.95498
4.81496
0.15229
0.418556
2.29454
2.35695
0.0823011
1.88391
0.262068
1.02219
1.89434
0.791865
9.08803
1.4424
4.40988
0.0357404
1.16999
1.32456
0.135541
10.7113
0.0294194
3.0827
2.0777
4.43571
2.70773
0.62715
1.39521
1.32123
0.769224
1.62705
19.8097
6.57296
5.303
2.66169
0.920909
3.75971
1.30596
2.22601
1.9116
1.96546
0.129022
5.1725
2.73451
1.01582
0.0857082
7.32953
4.35501
1.37942
2.36916
0.421824
1.91263
0.286414
1.82978
0.342806
0.0847953
1.16806
0.180998
3.70728
6.11593
2.45709
0.952342
0.997258
0.3905
4.32927
2.67711
3.10573
4.71776
1.36045
9.87752
0.00927374
1.90249
2.45876
6.50633
1.43685
2.95885
2.6877
0.110183
5.02049
5.25549
0.623964
2.42897
2.77297
2.63022
2.70834
1.00491
5.04
2.83693
0.887392
1.80148
5.9034
0.859097
1.98067
9.34246
9.28527
5.71982
3.61926
1.21436
2.83553
1.37436
4.09543
1.11891
5.02336
1.20117
1.40462
0.797962
5.96808
0.608325
0.715961
0.487263
8.93521
1.21574
7.75467
0.244607
2.43201
3.19475
0.543305
0.968171
1.09007
3.09441
3.70468
1.82181
1.31258
10.376
0.86878
2.36242
3.40722
1.94516
0.402407
4.64012
2.79449
0.0998116
0.0263186
0.0356827
1.97482
0.321867
0.0559192
1.5324
0.268944
3.48134
3.90073
2.51918
1.67248
2.96962
0.801707
6.12295
1.96625
0.427881
1.64839
0.962181
7.93071
0.69096
3.35565
2.45719
5.46363
1.31458
1.17635
1.04208
0.594665
7.32329
0.941278
7.66283
1.11794
0.333724
1.63976
0.951766
2.87386
0.156991
1.01066
0.603882
1.38733
2.7121
4.31295
3.85704
0.343289
0.170961
0.432233
3.64376
1.52583
2.5645
6.5562
0.748552
6.87837
2.96832
0.450894
2.08634
1.96051
4.20898
1.24766
0.234222
2.44794
3.57178
2.16963
0.579975
0.704074
0.738223
0.785136
3.96286
5.73937
6.23991
1.08949
1.50151
0.430852
6.49943
1.9537
9.73233
2.75266
6.05393
4.20405
0.976927
1.61298
6.32058
0.607719
0.429878
1.25909
0.225887
3.05326
2.11543
7.01308
0.876046
2.44984
4.2478
3.48781
0.0424782
8.48084
0.94261
1.42764
5.37419
0.464027
4.50741
5.45607
0.526683
1.27913
4.05567
1.41753
0.612514
8.73454
0.221974
0.40799
0.917171
0.0678691
1.64594
0.182433
10.0564
0.661412
0.398476
4.38585
8.34935
1.82762
0.00908055
4.25196
0.470137
0.750941
4.89837
2.27077
0.33556
1.00183
2.08995
4.04602
0.0692166
4.27361
3.0247
2.29814
6.28218
1.06947
1.73525
1.30077
6.07343
5.44462
1.89402
1.36139
0.542749
1.79273
7.24571
4.85981
0.0912583
0.537084
2.17066
2.70086
0.987188
5.07318
3.98946
0.125261
2.76938
1.52513
0.44888
0.499056
0.358521
1.46481
4.74033
3.15466
5.04353
2.8781
1.98812
3.22692
0.198
5.07352
0.788122
1.64212
1.44908
1.83901
2.70998
6.77796
7.74149
1.37158
1.68076
1.55877
2.87238
4.22612
2.42064
2.12981
0.0903472
0.0997351
4.76555
11.5261
0.699809
0.174011
2.69016
3.7084
0.147142
2.41796
1.22771
1.33725
0.542667
5.19908
1.49453
1.06351
2.84634
0.350246
1.89069
1.3621
0.815534
3.8907
0.457726
1.11294
4.64422
3.76078
2.37095
2.59459
4.29828
1.14725
9.92637
0.887619
0.35953
6.08589
7.57862
2.34152
0.0186203
0.470857
1.07554
1.62675
5.48246
3.20198
1.29404
0.683696
5.66355
1.36271
0.253872
0.472053
0.0129247
0.805407
3.36363
0.357004
2.59251
0.766442
0.483902
0.301872
1.8915
8.92507
1.38365
0.143175
4.98242
1.52612
9.79904
0.0149905
0.115287
5.51052
5.22837
0.229222
0.41909
4.00889
1.97033
2.28336
0.465658
2
6.52813
0.257544
7.773
1.23721
3.1786
1.12323
1.67181
8.7888
1.19071
2.58684
1.27716
2.05163
5.46034
3.1376
1.5472
0.0438217
2.70991
1.50552
3.98986
3.69982
0.0610279
0.4293
0.109585
10.3711
2.20338
2.24544
3.47265
0.133835
1.87537
1.23578
0.16068
1.55757
2.92092
2.07591
7.16412
0.0479494
0.529192
0.544902
1.56678
0.435193
0.859257
5.89613
0.382963
0.948201
1.38671
6.28469
5.41199
0.82713
1.0231
0.45367
2.37968
2.20784
2.24173
2.51225
1.73322
1.06978
1.41685
2.16507
1.04938
4.91204
1.40744
2.24148
0.233892
13.081
0.233356
0.0687361
1.34637
0.226779
1.4738
5.71616
4.95548
0.583431
4.47255
0.545937
3.38209
2.34309
0.82725
3.24025
3.38734
1.14341
3.97896
2.10024
0.899859
0.985215
1.62566
1.82836
1.71348
0.0632369
2.39211
0.994868
1.19002
5.21021
0.6692
0.876481
3.38169
1.25738
6.38103
4.86031
5.16038
0.0746613
0.636418
2.82906
4.3045
0.184925
8.22511
0.235217
1.28796
4.0786
3.07956
2.11876
4.42551
0.339299
0.859414
5.23741
1.43658
9.7323
2.32777
0.130105
1.26492
4.09476
1.07799
2.83543
1.7959
5.94251
1.62132
2.06211
2.01533
2.53057
2.70845
0.0588048
0.290761
1.99493
1.37888
0.732864
1.52552
0.733643
1.47367
0.379563
3.34617
9.56619
2.98718
1.29574
3.48492
1.83657
0.0810359
1.01337
2.59618
0.183664
2.20071
0.0620219
0.126736
2.70834
7.52645
0.937879
0.424911
1.22562
2.76624
1.17241
3.46683
2.66661
1.66375
1.00063
1.10919
2.13331
0.574817
11.4807
0.142639
0.00708819
0.242947
1.68947
0.745425
6.79007
1.67036
0.828696
1.29996
2.86287
1.91453
6.73493
5.95568
1.69253
1.94027
5.81587
2.93714
12.0124
2.74406
0.34468
0.0183825
1.65479
11.9463
1.94581
0.338326
3.74471
3.98576
5.55974
1.34642
4.2227
0.0682654
1.64634
3.19081
0.314677
0.744699
8.01751
6.79885
2.38923
9.03138
3.15277
0.531599
0.630461
1.98494
0.389245
0.60232
3.80899
4.07011
4.68896
1.63795
1.34301
3.11142
4.75923
0.570458
4.7826
0.533471
6.22852
2.01749
10.8753
0.929677
2.66407
0.501587
1.20932
1.14789
1.36859
1.38033
1.79684
7.96187
0.560712
0.298917
2.25162
4.75335
0.627415
5.29231
1.22524
0.888824
0.496995
2.70686
0.412462
0.0634627
3.12853
3.02696
0.99766
1.51038
1.5425
5.97563
5.68903
1.3342
1.91099
0.791898
0.0603126
6.06512
0.905184
0.202271
0.275882
2.17536
0.751772
1.17487
2.42736
2.10019
1.65594
0.113762
0.013415
3.19579
5.52539
0.214911
2.45169
3.53536
7.09144
3.09805
1.65669
0.886097
3.56693
0.349443
4.40622
2.69283
4.6307
2.82142
4.7226
3.48841
0.770476
0.705216
1.98479
0.419101
1.0141
3.01762
0.0409035
1.4366
4.49563
0.940054
0.742118
1.5057
2.04913
0.264319
6.82025
0.362246
10.9286
1.14973
2.65748
4.25386
1.48759
2.24559
2.3928
0.851681
7.67458
0.77402
3.04755
0.307998
15.1005
5.6051
0.820988
3.94335
0.0502448
0.111695
7.34208
0.661798
0.922578
1.31841
7.43444
0.528586
2.03877
0.341958
2.90392
0.32476
0.453305
0.469162
5.15523
3.44985
4.30699
1.33986
0.337561
0.119921
3.49197
0.538123
1.66381
0.567945
1.00545
0.321283
3.66314
2.21993
0.619902
0.076996
3.77717
16.4247
0.696857
3.70713
5.93137
0.601707
5.52609
5.85526
0.948245
0.296028
1.36847
2.73564
0.16752
2.41836
3.1132
2.49426
3.51206
3.34005
0.145831
3.06381
1.71006
5.9605
1.62825
0.0995661
0.98882
0.765878
1.84816
0.498066
0.872449
0.857996
0.420995
1.40747
0.505667
0.5663
0.704534
0.477764
1.2875
2.97336
0.137666
11.3247
0.477845
3.17354
4.47256
1.69245
2.33282
3.55584
5.95574
3.64195
1.66003
0.789133
2.78559
3.85561
4.3893
2.0196
3.30833
0.479387
1.17197
2.92786
4.00559
1.94481
0.194718
0.866824
0.973313
0.144529
0.137726
0.876183
0.0544936
6.45737
0.303377
9.98995
5.31812
0.451805
0.804981
2.8682
0.916941
1.15468
7.44243
2.60993
0.667313
7.78531
2.85605
3.29581
1.29317
5.07645
3.59853
0.554484
0.677095
2.0261
4.00654
0.834358
1.53626
3.33019
10.2484
0.348816
2.02124
3.22189
5.8183
0.318955
0.862538
2.84724
1.0254
1.22856
1.16309
1.93528
0.600334
0.0142292
1.71903
0.12447
4.04786
2.95357
1.39186
5.30115
0.315908
3.77744
1.93207
1.00783
4.8829
2.09899
3.26979
0.139167
3.35859
1.77871
12.8815
0.16929
1.10253
2.73511
3.15024
3.61586
0.0303874
0.0854998
7.55848
0.121186
0.0500833
5.694
0.0828665
0.917003
7.56725
0.69119
2.29801
1.91646
0.356974
1.13256
0.907003
7.38894
2.75117
0.0413938
5.35625
2.45355
4.10368
20.6868
2.02326
0.953728
2.23304
13.1087
3.25672
3.05666
4.31587
1.04913
0.0397924
6.17683
0.020855
0.891222
7.17875
0.756538
2.5357
8.40986
1.6951
2.94974
2.99208
0.397532
0.542134
8.44424
2.61494
0.0510146
5.6819
11.6155
3.62947
0.766212
2.20352
1.34147
7.1335
2.68203
3.0727
1.32772
5.47648
5.30376
6.8074
0.788127
5.90479
2.30841
1.00011
1.04412
1.1706
0.922982
1.09474
1.17001
0.698693
0.806334
2.12874
1.78395
3.32527
0.879229
4.14386
6.40776
0.767788
2.05107
1.69409
0.287396
0.333445
10.144
2.29756
1.16913
1.16706
5.63086
0.506222
3.56054
3.48067
1.48222
0.272837
6.0275
0.645252
0.695805
0.356041
0.379827
1.434
1.12393
2.36843
0.566609
0.418923
2.53742
0.851599
7.48621
0.204238
0.793596
0.635374
4.75813
5.06587
3.4723
3.33967
1.59654
3.18207
0.764825
2.73785
2.24569
0.570948
5.47446
0.792732
0.346229
10.3116
6.1459
0.433588
0.0926681
2.53021
6.65623
0.719431
2.37397
5.55322
0.612892
2.1804
4.0947
0.0967514
2.34513
0.165912
3.93598
0.114662
4.71563
3.54793
10.0223
1.91
9.40049
0.193894
0.553696
0.475031
3.56798
0.22793
1.52557
0.983138
1.74331
0.618648
7.06435
1.15414
1.58319
1.09903
2.13378
3.99151
6.06173
0.0629106
1.54149
4.01245
1.18383
2.11803
3.13186
0.934249
2.23049
1.86326
2.28482
4.68731
0.0832089
5.2763
3.28488
1.4928
0.378144
2.31995
0.832804
1.93428
0.422309
3.32912
6.1422
3.90371
0.0413586
0.393254
0.323419
0.0216214
0.458966
0.569029
4.30305
3.3484
7.68284
2.0134
1.35957
2.45982
0.432351
7.05315
8.77022
2.10073
2.47379
1.22356
1.40564
0.701009
8.50323
7.27383
1.5562
1.40857
1.74247
2.91285
4.6293
2.163
2.69661
0.164345
1.22232
4.9072
0.108463
9.09384
1.01147
3.79204
0.240681
2.69242
1.38092
0.933969
1.0231
3.73033
1.98356
5.56722
1.44456
0.275171
1.33086
7.98166
1.59109
0.0317126
4.87017
5.41246
3.45936
1.48655
5.04707
9.88792
2.15699
4.5378
1.0514
1.69852
0.509171
0.186833
4.79388
5.04451
10.4198
0.257959
0.281742
0.795867
1.58921
0.736479
7.91248
5.91106
1.43221
4.41768
1.38199
2.14409
1.73054
1.53386
9.48823
2.27533
7.2079
1.10171
2.23498
1.97673
1.6147
5.85043
0.924014
3.89545
1.47582
0.734649
4.18548
1.45619
1.74332
4.90723
3.02305
3.36727
3.05523
11.5502
3.63979
4.70128
1.63118
5.14859
0.410989
1.64481
0.608117
3.44487
2.4198
0.00450979
0.280162
1.80413
1.53754
5.65412
5.91899
3.46013
2.3805
0.982583
3.50523
2.2841
2.12321
0.255875
6.29931
0.683188
3.1565
5.30033
7.00981
3.79786
2.46617
2.32421
2.97491
3.92176
0.048089
1.67611
3.25073
2.80088
2.04932
7.60406
3.68432
0.41219
3.15131
0.464969
2.41336
2.21911
0.362909
0.152171
1.33324
8.04709
1.69994
6.63239
4.32922
0.240835
5.08904
0.837512
1.89496
0.92161
3.29356
0.525224
0.0308049
3.11782
1.35552
0.190462
0.14915
4.25896
2.58696
0.18311
6.69076
0.153784
1.93343
3.35961
1.51774
0.0473521
0.0519412
0.337802
2.5038
0.0937904
6.51511
4.31657
1.97059
0.283656
1.39965
0.3693
3.23173
0.73718
1.07795
0.70636
1.63039
0.403554
14.7959
6.85907
3.03438
0.851287
5.0434
1.9328
0.865118
0.931449
3.77213
1.61478
0.259476
2.63385
2.22885
0.976142
1.58777
0.374467
0.915385
5.6387
1.53912
2.21507
2.57178
20.2191
8.01639
1.44603
1.06994
0.353647
0.629698
0.147989
1.04094
4.66325
0.309682
4.51383
11.5389
15.7299
3.09169
0.203115
0.408926
0.583081
11.2993
2.4789
2.95981
2.34573
2.72542
0.416514
5.18424
0.890495
0.956426
1.03057
1.53947
0.0949244
0.192108
10.2805
4.02929
0.925366
1.33306
4.2431
6.76874
2.5773
5.15814
0.530958
1.41713
5.29337
14.5758
12.7994
6.56942
2.37953
5.19654
3.23472
0.622383
1.7631
3.96383
1.98212
9.16026
0.158517
3.0733
0.734243
2.10141
10.745
0.315219
1.36783
0.85461
3.2918
0.816297
5.5701
5.55771
4.63389
0.713024
2.20771
3.0812
5.87627
7.55257
0.803877
0.215274
0.552124
13.809
10.5594
10.1813
2.89846
3.5362
5.49164
0.169459
0.124533
2.80014
0.994637
5.86771
1.98158
2.92983
1.94556
4.2489
0.247787
1.40067
4.8989
5.53302
7.54173
6.69568
3.16371
10.1672
1.22964
0.454397
0.200296
3.12782
2.0735
3.375
0.33931
9.99424
9.53201
8.8176
5.58325
1.65027
0.99781
0.00821112
0.632711
3.13911
1.63614
9.52527
7.45248
13.1869
3.00825
6.42871
1.59782
1.50546
2.07995
7.23447
0.606292
6.31443
0.478537
0.0900113
6.34566
3.47303
8.2562
1.9288
0.560213
0.200538
0.0245275
0.836896
1.13416
2.02331
1.98796
1.87426
1.74921
0.379378
5.30543
3.51277
4.18835
4.82584
1.74433
4.1163
2.96915
0.546591
5.01253
1.18349
0.421045
0.712648
2.72689
1.71732
1.12016
0.875459
0.573424
5.71651
5.23339
0.668556
1.26448
1.59077
0.3679
2.9343
1.26156
1.82315
1.69184
1.54399
1.363
0.841003
3.4717
0.0783607
0.0868123
0.742741
7.00411
1.28285
1.15486
0.899265
0.869836
7.79616
5.14317
0.945164
3.45008
0.79542
0.552218
1.31598
0.914871
1.61127
1.77635
1.3122
0.299156
0.157369
2.25892
3.77521
4.68786
4.82841
0.273523
1.56091
8.87575
1.78039
10.4648
1.64128
2.38105
1.58343
0.496234
8.29144
4.15596
0.80687
0.102113
3.28564
5.84565
3.51313
0.221856
0.681907
1.63741
0.243759
2.19557
6.04613
0.497338
1.20205
0.729215
0.254737
0.998795
3.09279
0.355157
0.778608
6.52404
0.895187
3.98599
0.719584
2.98028
0.168926
1.07387
0.132375
0.214705
0.308778
1.15626
0.857115
2.82779
13.4029
0.872073
2.16027
1.83825
1.13246
2.73529
1.18509
2.53912
4.25396
0.521813
1.6772
6.47511
1.33211
3.99868
5.6422
7.25884
1.85801
0.766808
0.190105
6.21268
13.909
1.53213
1.35559
5.61403
5.19218
0.989809
5.96876
1.08956
1.86842
1.62384
0.720977
1.82929
2.03318
0.703736
0.321863
4.93192
6.71466
0.401456
2.4222
3.05982
0.709319
0.352208
0.926111
2.82367
5.79547
9.61084
0.886753
8.60559
0.227541
1.08603
0.741174
1.99083
0.925155
2.00111
0.562677
0.771984
2.31693
2.63818
3.24628
4.436
0.444692
1.48707
0.191426
0.170444
1.10988
5.84426
1.27758
3.41902
1.17155
3.3046
1.01084
0.290794
0.878348
3.626
2.80903
0.0873057
4.40112
3.06727
2.54024
0.293607
1.16339
1.46076
1.02448
1.00082
3.64999
0.383407
0.0129976
5.28119
0.480108
0.141239
1.30324
5.71767
1.07933
2.23587
0.140814
2.33976
4.44717
6.7627
3.81184
3.00872
4.46751
1.37269
0.20324
0.97622
1.49597
3.38342
1.20499
0.744155
0.641945
1.8234
1.60793
2.03402
5.27127
0.270831
2.58807
6.32914
1.49764
2.56358
5.30222
1.53466
0.146636
3.76379
2.195
3.31786
0.366993
0.587238
0.800434
2.42554
1.74536
5.13525
2.25971
6.68969
2.61694
7.1786
0.0832281
0.994007
0.118995
3.15769
3.44709
1.9983
0.5964
4.43289
6.4448
0.799395
3.01786
11.3293
0.940662
0.086718
0.483506
0.499041
0.0672164
0.560503
0.735144
2.61466
1.86136
4.71461
1.31781
1.55031
0.0323066
4.61729
3.59944
1.81939
0.465353
9.03925
1.21536
1.54026
3.60261
0.465952
5.5354
0.701925
1.71075
3.07537
0.493766
2.57789
0.408203
14.761
0.257704
3.31398
2.53916
0.0846503
2.7865
1.87899
7.24587
11.0691
3.58482
0.917867
12.9612
0.340687
1.01689
2.27623
0.465691
2.71186
1.77782
0.123932
8.69724
2.34112
1.91735
2.08858
5.02413
5.8868
2.30907
0.934785
4.5366
0.0233465
4.5543
3.45424
9.93765
2.81263
2.69667
6.92427
8.31753
0.33533
0.907259
1.00157
1.85458
3.57415
1.16812
5.06952
3.00211
0.147369
1.81668
1.88007
1.03361
0.140231
2.10034
3.23284
2.92934
0.055274
1.63844
0.562677
1.14811
0.654567
1.58379
6.50479
2.39755
3.79186
1.23349
1.90717
1.88325
2.42547
0.949415
6.3101
7.32831
2.31802
0.205481
0.0088454
11.644
3.44814
0.0144775
15.6288
0.330893
1.5123
13.8415
0.445936
4.14754
0.828067
0.997535
0.842064
5.04605
1.17024
5.90389
3.5444
2.58656
0.560105
1.76296
0.926203
0.959085
0.316999
4.80792
4.42445
1.61661
0.219178
19.2936
8.27001
0.192402
1.17983
2.93499
0.457286
5.91065
0.730438
0.228833
3.76108
4.40363
0.929197
4.22651
0.301799
0.458981
3.21524
1.33985
0.135867
0.194004
2.00408
3.35139
0.148203
0.844561
3.35221
2.61083
0.61793
8.45948
1.0494
4.7298
1.06562
6.68775
0.638651
0.320581
0.121654
2.61253
3.18652
3.21519
3.0955
1.38194
1.40605
1.39157
1.9685
7.73848
7.46484
0.247795
5.5392
0.385693
1.57346
3.32621
2.16815
6.2434
4.18418
1.96134
0.371847
1.02469
4.25863
0.226682
1.28767
1.81644
1.03572
0.348874
2.28614
2.82434
2.81799
2.4748
2.98076
0.0496282
3.08376
4.86896
3.45604
8.44178
0.0994863
4.18172
2.40624
5.69423
2.97832
4.00406
7.08234
2.62814
0.0242084
0.161322
0.36765
2.83885
1.19889
1.43286
3.06993
1.32324
0.00733005
0.627134
0.478869
1.78692
0.993986
2.70689
2.14152
3.8183
5.45944
6.5324
2.0356
0.666427
6.57601
2.42888
12.3412
1.35782
4.29239
1.00515
0.78592
0.562439
0.870536
0.421742
0.87789
3.41645
1.48679
9.6139
5.55247
2.89895
0.505752
0.96033
2.57131
1.40193
1.79303
5.34954
1.16117
2.9686
4.17747
1.18635
24.1364
2.81692
0.756314
6.5113
7.11279
2.52737
1.56929
0.467979
0.32704
0.439512
7.41181
2.0061
1.3833
0.181292
4.90251
3.89537
1.30439
1.34362
1.61334
2.32032
0.683069
2.3506
12.1467
2.9752
0.141443
0.149165
0.816383
1.48517
6.33446
0.637325
4.9743
1.32031
0.407753
0.0138829
6.69001
1.58463
2.92594
2.2953
0.477101
0.442742
2.13145
1.11844
2.82606
6.19199
0.239711
1.20653
1.89592
4.09308
1.8496
6.69743
5.89779
3.83548
1.44291
2.36881
5.74704
1.83544
6.09804
1.28565
0.735679
2.38907
0.77925
0.0945172
1.33402
1.3334
0.0910163
0.877186
0.554968
0.32173
3.43108
0.459637
1.02336
1.5141
2.33473
1.94427
0.0908429
1.53613
1.86371
1.09473
0.265099
1.74663
5.42417
1.01521
5.89773
0.31062
3.15587
3.05815
1.13219
1.34969
1.59929
3.31089
0.363375
0.0768161
0.734806
0.216162
1.68094
2.494
2.52888
1.99646
8.88832
2.63851
0.577323
1.18072
1.89848
0.128301
1.31445
0.0823359
7.12712
0.0321159
1.25675
5.59535
2.85756
0.422954
0.165271
7.87301
3.28066
0.325183
3.22245
2.31746
0.181606
8.65126
1.11049
2.30988
0.465017
1.41808
1.57927
4.79262
0.66213
0.778796
2.02316
3.36107
4.6797
2.10015
3.21676
0.0204116
1.54983
0.0298799
2.00572
2.19931
11.6897
1.79149
4.57458
6.45882
1.30442
0.764591
2.21223
1.58889
2.17426
0.736824
6.63102
0.794507
2.81363
0.255034
4.29107
6.82732
7.97092
0.55138
0.818614
3.47214
1.05514
7.12473
1.6128
1.43193
0.0846438
0.682387
2.32165
0.21767
0.356946
1.91958
2.08909
1.69337
1.75356
5.07791
3.44017
1.24911
1.95305
2.30364
1.97411
0.66546
1.08819
0.0668545
2.47695
2.95331
2.63815
8.52092
2.04639
3.15052
0.264387
2.07172
1.22089
2.34526
4.77108
1.17956
0.172939
5.82888
1.48561
0.331472
0.354542
2.21221
2.28011
0.255285
2.81035
2.7086
0.327383
7.13819
4.89317
0.66097
1.68017
0.0490333
1.6775
0.0303775
0.77673
0.478257
1.45634
0.166968
0.438993
7.7807
5.37825
4.49236
13.1419
0.789567
9.84894
0.950205
0.683329
3.01187
0.224521
0.316577
1.0965
6.4351
11.1119
0.305438
2.57881
0.438768
2.57847
0.250673
7.37502
2.8661
0.0549349
2.06696
0.298558
2.63224
4.93825
0.49777
0.57826
4.237
1.6359
0.206924
0.0821912
2.22395
0.763776
1.11977
5.56627
0.720343
4.52584
2.76153
12.511
0.144049
7.40782
1.19412
1.72736
2.44084
0.439951
3.43326
4.46953
1.6311
0.232637
0.591286
0.357148
8.6068
0.518611
2.73759
2.87398
0.326267
0.360543
1.26788
2.07614
8.08241
0.0230508
0.466104
0.287731
8.9015
4.00244
3.90982
0.0404316
12.0379
0.904581
1.91339
0.523343
0.798015
1.23164
3.23927
2.50815
2.39577
3.20173
0.988298
1.6443
0.187281
0.456749
0.251411
3.66101
3.87861
0.940403
1.37263
0.0459496
5.23406
0.0591603
0.651636
0.00747396
1.64956
2.04213
2.2194
0.337501
1.22043
3.26688
2.2962
4.41761
2.58702
0.788701
0.752515
0.944161
0.703056
2.38025
0.150083
2.82517
4.31756
1.95544
1.04747
4.00679
5.21216
0.135164
0.511841
0.376896
0.981844
7.55344
2.42683
3.30545
4.7818
0.60849
3.60645
3.12743
3.20095
5.14869
8.14252
6.61144
3.12108
1.60277
1.67612
1.61669
3.57293
0.734262
1.44275
2.9829
0.0844424
3.52781
1.08628
6.70737
2.54055
6.60894
1.23852
1.54008
2.4051
3.05966
1.45957
0.524266
1.71484
5.42997
5.78846
3.61298
3.84357
9.52987
9.7906
1.51683
8.48333
1.96076
2.70745
13.2527
3.19874
0.826009
0.183163
3.08951
7.26489
0.515511
1.70626
3.21962
0.883497
1.0935
10.3149
4.03362
0.916416
2.53158
1.28615
0.710391
0.887264
1.62567
2.35544
5.82645
4.67087
1.43941
0.331181
7.7638
0.419718
5.71263
2.23946
0.793743
0.294805
0.147354
9.10681
2.83598
0.265865
2.19122
0.00463159
3.59022
9.51208
1.30655
0.133333
0.22209
4.44826
0.393434
0.139296
2.91035
2.28969
7.4403
1.24634
8.42777
2.70639
0.127943
0.680219
3.17703
2.19231
1.55042
0.506426
7.10721
6.17296
5.53557
0.958532
0.793037
3.95894
1.37763
1.34341
0.231595
1.14483
1.42908
0.250271
0.0518285
0.578288
2.9151
1.17893
2.69812
8.78992
7.56267
3.37748
16.313
2.51456
10.6961
0.642244
1.82459
7.60437
1.98736
1.3948
0.682385
2.72569
3.74482
3.18656
4.8718
3.37567
0.864457
2.02727
2.69108
3.10739
2.82366
0.945642
1.33027
7.66577
7.74454
3.05658
2.81479
0.0732105
0.210276
0.451042
8.63136
0.265244
0.419229
4.37679
1.2535
0.987767
3.0339
2.68375
0.810876
0.984736
2.02524
0.656411
3.97287
0.61611
1.26797
0.96793
0.594246
0.185226
1.22603
2.60219
1.31261
4.12299
0.508229
0.789984
2.46311
0.0130551
0.264588
0.321771
0.982269
8.82451
1.02042
7.75679
6.34039
4.99924
2.185
2.17
0.452656
0.390603
1.14717
4.86831
4.02155
0.934282
3.20326
6.67661
2.15467
0.950922
11.5129
4.64532
2.05286
4.40902
1.08106
8.52529
2.76014
0.90754
2.34306
9.0866
6.40022
5.10594
2.00837
0.497613
0.585772
0.849136
1.48631
1.29684
1.73799
2.59674
1.45942
4.17667
0.25501
3.902
1.34102
2.83312
8.21148
1.75946
3.19293
1.67086
2.94843
0.0961911
1.10633
2.05652
2.46766
8.72403
2.33034
8.66188
3.65405
6.53924
0.480398
3.8557
3.91004
5.25747
9.27959
0.856785
0.71554
2.13704
1.81322
1.34241
0.713171
4.15501
1.10103
1.81149
2.63231
9.08024
4.34486
2.29423
5.36146
2.1894
1.7122
0.0402727
1.00824
0.951816
0.330116
2.8109
1.61
4.05563
3.57559
1.25323
2.87884
0.713602
0.591488
0.288242
8.02467
1.7263
2.75746
4.8366
0.285004
1.99926
6.26279
1.26681
11.9802
1.40332
0.566491
0.884166
0.110006
1.52359
0.216075
0.0762241
1.90698
0.59044
2.88828
1.03402
1.17591
3.14468
0.662339
4.55521
4.02416
1.16323
0.996183
0.128268
8.4836
0.340938
5.66962
2.7657
1.85137
1.68007
3.57292
8.94726
1.9237
13.9047
1.3158
2.59101
1.37788
3.56609
0.665444
4.93834
4.40249
2.48935
0.505869
0.0847076
2.38274
0.142675
0.185136
1.2808
3.02319
4.18481
1.52779
5.69404
2.86905
1.31526
3.80082
1.41676
2.75517
4.85904
7.35738
5.78643
1.17564
12.1374
4.65735
6.84115
1.57613
1.13007
3.38988
3.27696
0.297639
0.938006
2.29097
2.55369
0.105963
0.330992
0.417245
2.82646
5.01074
1.86324
4.55097
0.486005
5.14332
0.184131
5.72592
2.85982
18.5861
0.99198
1.17872
0.999726
1.50713
0.974951
7.64193
1.5462
6.12173
2.67476
2.4169
0.274959
0.25696
1.74596
0.251608
1.80933
0.664024
1.54653
0.860371
0.207028
3.03956
5.03185
5.62265
1.66195
1.93101
2.32199
8.14956
2.63927
1.41948
4.92667
3.39919
1.23705
3.7597
1.89601
6.49652
2.14318
1.291
1.01382
0.580596
2.13118
2.06353
1.17796
0.85898
3.37377
0.142539
3.922
1.69622
2.28102
5.3396
1.52441
0.10645
0.216732
0.577096
1.10315
10.6406
4.68805
1.03995
0.379932
0.946962
0.420776
0.636991
0.248115
3.6411
3.62999
0.118624
1.36397
3.29344
0.371946
1.52454
1.25227
4.41532
3.2526
1.06418
6.6357
0.0249661
0.284414
2.31485
2.94588
0.434462
1.23207
4.35213
0.19619
0.419366
4.60295
2.92478
2.06774
12.5342
1.87657
0.205998
0.0635237
2.81033
0.142731
5.94845
2.50116
9.28399
3.42498
0.670216
0.36882
3.03286
0.14056
1.22039
2.195
0.278729
2.69814
10.7805
0.789227
8.95706
0.0383862
4.08832
0.753042
4.5127
3.01066
0.283026
0.401415
0.654289
1.41224
3.64897
3.4489
2.1143
5.31519
12.2408
0.904645
1.51134
2.74262
3.48597
1.67826
0.598427
0.747076
2.73851
1.11767
1.70028
6.10787
0.831107
0.186703
3.92669
0.250693
0.00282353
0.0278157
0.315315
3.12107
1.14789
1.8419
5.27937
2.89223
3.50487
5.49454
3.12818
1.14041
5.65898
5.45049
1.22999
1.56129
1.67515
0.299739
0.459608
0.120761
2.81503
2.57438
1.08237
2.15236
3.0456
1.15505
1.37308
3.85987
1.01774
1.43315
0.108543
0.0554537
0.863619
0.728601
0.778897
0.0741379
0.851277
0.222988
3.75093
5.108
11.3379
0.601424
2.51591
1.13965
0.171923
2.50351
1.67678
1.62156
3.58313
0.470283
4.2981
1.97765
10.3206
0.523439
1.45952
0.140307
1.33221
5.20142
3.73286
0.0277126
0.216397
4.99287
7.18124
7.22115
7.6471
0.138031
3.58235
0.217069
2.2873
1.50673
0.227978
4.44378
3.03453
1.19678
3.26175
2.32008
1.57338
4.42144
0.74719
3.2761
4.44061
8.77269
0.0103177
2.8442
0.82177
2.41934
0.398402
4.51697
0.462192
2.18835
1.01343
2.65542
0.0919869
0.204344
0.264175
1.23358
2.49017
5.13993
5.67358
0.425314
0.687949
9.71841
4.65026
4.42746
0.00629919
2.53183
8.06101
0.0266407
2.57093
0.203087
2.00237
0.795256
1.44588
0.629721
3.49632
3.28403
5.68315
0.938115
1.13843
3.55508
2.3713
1.08354
1.12493
1.45931
0.804138
0.555579
0.331041
0.152761
0.298989
4.9219
6.64403
1.78866
6.47518
12.043
4.28262
1.7034
4.68796
1.9982
0.270208
2.07596
1.11903
2.34384
0.886031
0.235346
0.120247
0.131032
3.23524
8.53596
2.14699
3.11785
1.8442
2.84561
0.612991
1.95633
0.399296
0.506127
0.754254
1.10863
3.27014
0.968106
0.437585
0.0678595
0.504836
1.35744
1.23479
0.553891
12.0626
12.6548
2.467
2.14027
2.19916
0.494526
0.740015
3.87479
0.0362561
1.50788
2.72147
1.19721
0.160928
7.38382
0.695482
2.28098
0.959883
5.7531
0.634882
2.1536
8.93222
0.670789
1.40461
1.98491
2.31215
3.07192
1.9583
1.5121
6.50875
4.60775
4.43688
2.47449
0.177522
5.87861
1.41368
1.88494
0.0945983
1.26311
8.11341
0.702035
1.01081
1.187
1.39255
0.276486
0.149284
2.48746
0.900253
4.04896
1.49706
2.66881
0.405128
0.874444
1.60032
3.15977
0.0609876
3.47878
0.0591605
0.507212
0.589204
1.23174
3.85064
0.355328
0.996395
0.950413
0.913989
5.81004
1.5137
10.8758
0.435509
1.32749
0.428902
0.471404
2.39055
0.666806
2.31811
2.71191
2.26361
4.25378
1.20803
2.90313
2.08639
3.70532
0.936037
0.796225
1.73911
5.67709
1.36294
9.28553
2.80867
0.4662
2.38583
1.84657
1.00651
0.328903
3.3796
4.05214
2.9306
0.183504
2.26535
2.48817
9.65038
6.89052
0.436461
1.66935
4.55326
0.653105
1.0098
1.22902
8.97993
0.764566
0.0540715
1.59155
0.192992
0.630456
1.78844
7.11609
2.58977
2.75082
1.20633
1.29911
2.17144
3.71469
0.314891
5.4806
12.3531
0.955038
2.43232
5.69321
3.86683
0.559042
0.498623
1.03093
3.29089
5.12024
0.0195827
2.43797
4.50996
1.31468
0.0403213
2.35724
1.25919
3.5546
1.32522
6.92404
2.97958
8.56302
0.644441
3.1286
2.23035
8.37606
6.90876
2.2653
3.48972
0.997948
4.37917
0.316065
0.688424
7.44249
3.36565
1.25526
1.55253
0.00147265
2.49185
2.30329
1.84195
2.78099
0.284568
6.60948
0.365071
1.5566
4.37076
3.91282
0.02215
0.0766684
1.73082
2.10798
3.73074
0.705508
0.459858
3.99437
1.41792
3.9347
0.425086
3.227
1.57576
2.16641
1.46274
1.41371
3.28891
0.942843
0.506327
7.18411
0.331271
0.901766
2.4769
0.969371
0.435124
0.458121
3.73867
2.21288
7.66661
8.43818
2.08148
6.4203
2.74193
0.0581412
7.78051
2.5505
2.26806
4.07806
1.67792
0.0559516
9.97115
6.14558
1.68075
0.553283
1.83803
0.937708
1.39547
2.66801
2.23506
0.857825
2.78072
0.213673
0.215266
3.06606
0.773842
3.66087
1.30132
1.77663
1.35219
1.98152
8.34378
3.80391
1.97365
2.01964
2.18339
0.0635283
2.24788
1.00525
2.09745
3.2133
1.69171
5.54087
2.73667
4.10801
1.7478
6.67551
1.69272
5.75591
0.912632
11.7986
0.893192
1.62513
1.29441
1.84952
4.0658
1.2727
3.04538
4.68782
10.2357
3.50038
0.896937
0.68051
0.528229
3.38008
2.61145
0.79174
0.869824
0.663933
4.74418
1.34925
0.500544
2.6936
2.84703
2.65616
1.99147
10.7028
0.489074
2.90153
8.02917
1.16839
9.98779
2.08251
4.45511
1.60681
2.00583
2.47733
0.87162
2.00688
0.825797
2.79544
0.354408
1.96223
0.0876897
11.471
3.64661
0.799243
4.1041
1.09335
1.18889
6.76179
0.69645
3.92213
1.6605
6.88042
4.24479
1.50328
0.620742
3.08406
2.44119
0.157104
7.46467
0.678918
0.633823
1.81992
7.56067
1.03598
4.52133
2.39986
8.76853
2.73297
1.65416
1.54087
0.463588
1.56567
2.92703
4.91307
2.15574
0.489889
1.46948
3.19626
6.49005
3.59512
0.362382
0.942454
6.92594
2.2998
0.587975
3.40133
3.22212
5.32558
1.96768
1.69004
4.54838
4.20369
1.05707
0.372296
2.32136
0.274852
3.2206
9.40042
1.83345
3.79643
1.36595
1.97946
0.0866587
0.177237
0.134918
4.20337
0.115825
4.67286
0.447952
1.91807
1.4952
2.84674
1.44743
5.5453
4.24753
2.36199
0.0146991
0.639225
5.95081
1.78087
2.09192
1.73921
3.21557
6.30309
1.34207
1.07928
2.81208
1.65034
0.115181
0.00479397
2.74609
0.26149
2.02022
3.10754
0.344549
4.09566
2.58959
0.47985
1.07541
3.70741
1.55567
1.14568
0.21919
0.614321
1.85857
1.46681
12.0037
0.5475
6.16
2.42792
1.62348
9.09744
1.51746
0.746539
0.0748185
1.16819
1.7636
0.144035
0.434671
5.0151
4.52123
0.97368
0.14985
1.61828
9.1791
15.9985
0.169184
0.313
6.14558
7.53455
3.85916
6.54985
1.46363
4.97168
1.82248
6.29676
4.01098
2.24251
0.417426
0.434572
1.20169
0.764987
3.51841
0.828477
3.6133
1.523
1.09087
3.46226
0.133429
3.2056
0.434057
0.569686
0.575599
4.7644
6.81226
1.58984
0.359948
0.757011
0.0589001
2.74501
4.34173
0.360744
5.51708
0.986635
2.84059
3.51695
7.15415
1.49634
4.98737
4.78905
0.0292142
6.45569
1.8713
8.00031
6.60973
1.12903
2.35838
2.54004
8.52299
1.54639
1.8062
2.72648
1.75255
0.914482
2.40209
2.77997
0.253365
0.153312
0.14533
0.324118
0.679455
0.337936
0.151915
4.55133
3.48674
0.406992
10.4345
1.71044
1.24895
0.409114
3.28618
5.04738
12.9851
1.1663
2.4514
1.04871
2.37634
1.04089
3.73683
0.219696
4.34579
5.08091
2.10047
3.14728
5.65036
0.18483
6.06081
4.52648
0.795332
1.28935
2.63566
2.79382
0.885134
0.213291
0.605708
0.192483
1.26783
0.0578482
3.73412
3.05423
0.281007
7.58316
3.9577
4.08527
3.13572
0.546473
0.376735
0.115274
1.30562
8.85022
2.28557
2.02451
8.68287
1.59782
0.219813
2.188
4.957
1.50565
0.184639
0.456733
0.639056
0.824242
1.27311
2.45786
3.38404
3.95265
2.35137
0.976036
1.57963
1.47698
5.90772
0.79865
1.36289
0.273702
7.63042
7.27551
0.89325
5.63611
0.587392
4.08077
0.272175
5.02192
6.86581
3.4395
2.25398
0.291973
4.21232
2.95317
3.54217
2.63549
1.53559
3.14235
0.17675
3.1291
1.07212
2.517
3.09146
5.74224
8.00651
1.04902
1.13454
0.250573
3.91291
5.36709
4.37112
2.27239
1.14625
0.0787285
0.643047
1.12983
1.30647
3.91364
3.50395
0.942891
4.63519
4.08224
0.681385
0.967216
5.19849
3.19089
0.33554
0.545397
1.11494
2.14629
4.4792
0.544404
4.07447
1.82322
0.800372
4.88154
0.396354
2.33493
14.7522
5.80469
0.398579
2.05637
2.6769
2.26958
1.86949
4.0835
2.86626
5.08447
2.65238
3.44451
2.2362
1.78142
0.601782
3.90421
5.42389
2.86699
1.02557
0.118305
2.95927
0.271104
4.11807
5.03526
2.03424
5.20774
1.65803
0.397165
0.0410696
8.91915
0.902747
2.65757
3.38249
1.75061
1.11299
0.39643
3.29317
0.128873
0.211483
0.913869
2.6705
0.0196417
3.9975
1.85537
4.21366
2.53209
1.31396
2.52509
6.38208
3.8422
1.61291
2.25433
3.71929
0.232295
2.68706
1.55386
2.60803
1.35937
5.81337
0.401251
9.64681
0.307385
3.12569
3.08821
2.23619
3.24676
0.702747
5.23576
1.48253
6.78787
3.22822
1.15705
0.581562
4.59713
2.07601
0.270756
2.32943
4.04431
2.08919
1.39018
0.145334
1.2402
1.42932
0.203882
0.497282
8.00353
4.24873
1.03778
0.50693
2.67894
3.90998
4.08741
3.66281
0.0623878
2.82668
1.20624
4.86824
0.5038
0.988556
0.0194395
0.14926
0.373185
1.4518
0.109247
0.129697
4.61347
1.01449
0.284153
3.32115
0.252186
3.21557
2.47751
1.19092
4.40608
1.23846
0.321001
0.583864
4.67889
0.805877
5.61904
0.844218
0.439067
0.917191
0.809798
1.23254
0.133358
3.52715
0.921575
11.3546
0.649267
0.187805
1.81515
1.41049
0.285995
1.60797
2.77058
1.64907
12.2352
0.237634
2.92655
1.54421
9.50593
1.25624
1.49073
4.22256
0.597746
0.854206
1.56082
1.31793
0.521939
1.84132
2.95005
0.926947
0.144119
4.80592
2.29054
2.4377
0.74107
2.47039
1.5289
2.48643
6.37699
6.58721
9.09734
0.265581
1.92181
2.14812
2.44265
1.43271
3.47141
4.66735
2.02758
2.58967
1.00047
6.42636
0.821127
0.17688
1.52292
2.1127
3.5957
2.19953
4.53339
3.1382
8.24007
0.289129
1.33159
2.81455
0.0258738
0.16054
4.16763
0.202214
0.157654
0.851069
1.11132
4.70262
0.701775
1.07809
4.04179
1.44837
5.50209
5.28285
7.67037
2.48906
0.091615
0.00777067
1.26859
4.30851
2.38102
4.12728
0.141103
1.81666
5.58021
0.128956
2.10131
0.608523
1.82778
2.11767
1.25803
7.64367
2.06414
4.00272
1.24581
4.34568
1.37593
0.975178
0.650483
0.531572
0.858088
4.08607
1.06376
6.75605
1.07394
0.132338
5.50272
1.35979
0.0215883
1.03172
0.681666
1.79075
2.14361
9.9682
1.96566
0.776116
4.41796
2.59089
0.966627
0.785622
1.17895
3.6533
1.31754
1.35967
1.62972
0.728491
0.996001
1.22645
2.71698
9.31575
4.2453
0.0487335
1.15086
0.344693
2.06484
1.38875
0.806872
0.597511
4.33555
4.82027
4.86637
0.627042
0.00287601
2.38793
1.23663
1.46247
6.35645
4.05654
4.68378
1.21258
2.23441
0.13933
2.43107
8.86114
6.30064
1.54498
0.620883
2.30587
1.2546
3.95852
0.192428
0.897362
1.66886
3.55397
1.92285
4.8313
3.74259
0.208969
0.352166
12.3679
1.31282
1.3479
3.33494
7.17427
1.43934
8.52926
7.27044
1.60458
3.22078
1.86982
0.322347
1.4392
2.94911
0.0382488
3.80298
0.401395
2.05739
10.891
0.664586
2.01602
5.92211
1.98805
1.81051
0.87978
0.947371
2.77288
3.86272
0.933601
3.18995
8.01339
0.42546
7.73825
4.02102
2.52679
4.53263
4.5479
1.37462
3.90688
0.534526
0.232669
5.29029
3.08598
0.106819
2.48381
2.84553
0.746238
0.612256
0.296052
2.09162
3.67158
1.01968
3.11846
1.62199
1.98223
4.35972
0.809921
11.8366
1.8529
1.06891
0.205312
0.431377
0.848988
0.81001
2.78269
0.0875399
3.64586
2.98959
0.221249
0.096247
9.18013
1.44206
0.304284
2.51295
3.41292
0.366553
4.21935
4.40489
2.20314
3.20684
0.687636
0.624673
1.49108
7.92799
4.85991
1.17698
4.9426
0.329612
1.42717
0.133421
4.46372
0.277691
4.2144
3.61394
5.76965
4.69533
2.45315
0.605554
0.0300008
4.71172
0.676162
11.0194
0.477693
0.757436
0.28753
4.10397
4.6249
1.46462
0.184141
0.991242
1.92381
2.56254
0.432729
5.95365
0.609628
5.84115
1.09981
5.16544
2.84866
6.45673
6.10489
1.33642
3.39796
4.19424
7.34762
0.610834
1.66965
0.285427
0.382834
5.5427
2.09264
2.5952
2.85269
2.59976
0.0755674
0.388943
3.62614
1.63327
2.34393
1.23885
0.500669
3.49524
1.46305
2.77505
5.06837
0.845212
0.651513
0.127442
1.37605
0.727912
1.16732
3.85206
4.45043
2.5729
3.35574
1.86713
0.7184
0.324471
7.4199
2.04767
3.54798
3.66032
2.25133
4.1581
3.94857
7.1219
0.507769
0.858314
0.138862
5.49155
0.907837
1.16859
2.89276
0.481167
4.02659
6.85972
4.48494
0.0241208
6.05529
0.69276
0.213212
3.50717
2.71593
2.02913
6.67999
2.68692
1.45325
1.15891
2.16069
0.0199277
0.30757
0.740105
0.311274
2.816
0.81919
6.54726
2.02809
2.18997
3.15326
1.49526
5.64701
1.63772
4.63987
11.7622
3.36838
0.367914
3.95175
2.56895
5.73161
0.261457
0.402105
2.0799
3.99102
0.343735
5.68239
3.11304
0.945404
0.00756136
1.88218
3.57812
5.05721
4.10538
1.00212
0.103132
4.08016
1.13059
0.358822
5.9926
4.61485
11.8655
0.811331
1.0002
0.523664
1.67071
4.49409
1.693
2.67198
1.3816
1.04149
0.366763
0.394386
0.07515
0.790119
1.0792
0.146489
3.13378
0.641557
0.361662
3.79488
0.495177
1.95937
0.173995
0.195245
0.527174
1.45572
2.01126
0.499788
1.51914
1.12208
5.42291
1.46756
0.29761
2.03391
1.39557
5.23214
3.03574
2.92822
1.25523
1.86479
0.828553
5.63259
3.79747
5.05673
10.9015
1.97601
0.916758
1.41158
0.898353
8.9818
0.807595
0.817777
3.87297
1.83738
1.1119
0.331684
1.4958
1.67718
0.737187
2.34391
3.28602
2.43133
1.42533
1.36756
2.88021
8.83581
0.398847
2.46116
1.40768
5.49975
1.84946
6.05074
0.641856
1.11526
1.73394
1.87796
3.78025
0.22302
0.382409
4.59417
0.070858
0.442755
6.33449
0.195143
2.37705
2.81454
3.4048
6.01279
0.989644
4.78482
14.9717
1.49993
3.9053
2.67537
0.120756
0.43269
3.04642
0.213384
7.21283
2.50615
0.824835
2.71415
0.372263
1.34684
0.836177
0.0478945
5.3803
5.04522
1.21449
2.82739
0.144162
1.10113
0.955405
2.19105
4.56028
2.31079
0.179626
1.38703
1.96433
7.54709
1.38032
2.74494
0.652865
6.69995
1.91773
6.6752
1.00685
8.95698
7.01155
0.17008
2.9029
0.169582
7.16165
1.48931
1.02392
2.01892
5.35844
1.09799
4.83537
2.37277
2.94073
4.2717
2.54398
2.72842
4.16315
3.15337
3.83221
1.12423
11.1801
3.25348
2.41292
6.08894
3.47524
3.43594
0.414935
6.36581
2.05304
2.3168
3.46732
1.36456
1.72667
1.38751
0.00552073
0.832316
6.13463
0.0640859
1.45284
3.08729
3.23928
2.22006
1.39686
3.90373
1.42846
1.67695
4.28758
0.255826
2.80139
1.65682
0.0800168
0.265196
1.8443
0.0194855
7.87832
1.14212
10.4716
0.58046
0.30839
2.58326
2.0384
4.93298
4.37566
3.50172
4.1769
1.58177
1.89312
1.52751
5.18838
0.492093
3.18161
2.17354
5.82764
3.40231
0.954914
8.56908
3.76302
1.20156
12.7326
4.04937
1.68045
0.664585
2.2047
2.10643
0.735726
4.74576
3.45105
1.57895
0.46769
0.968116
0.618427
3.59563
0.997527
0.0768994
1.4928
6.06869
0.940618
0.948425
2.22114
1.64299
1.76146
6.02309
2.29257
0.840745
4.72475
0.696308
12.0513
1.37441
5.29175
2.85939
3.66748
1.31592
4.98369
5.52794
8.89571
1.64843
1.68428
1.41922
3.76602
3.54464
6.89417
0.0774402
2.78828
0.503394
0.0168304
4.4609
2.05505
1.02982
3.84013
0.811738
3.16663
2.10955
3.32188
1.36667
7.91589
4.79181
2.12505
4.95821
4.31941
2.14283
6.3322
6.08567
2.99697
0.375606
1.15411
6.30196
1.5801
3.07989
1.90299
0.684107
2.95726
4.6787
0.349899
1.06543
0.162024
1.23459
1.35671
4.59413
3.34846
0.00204722
0.951327
5.22273
0.997645
4.16709
3.0555
0.763185
1.94366
1.10888
2.23758
2.16504
7.93154
4.41888
1.64463
0.587906
2.34673
1.47308
0.921454
0.780539
3.31198
0.493902
2.31237
1.05899
0.14291
9.72429
0.000373651
2.78932
4.52383
4.61392
2.65216
0.453074
1.72003
0.694256
1.79621
0.511784
3.37802
1.46564
4.54193
3.85178
2.39719
0.373548
9.27447
3.9123
1.00189
0.643978
0.299562
4.0225
6.29662
0.772312
0.438215
2.42168
0.846742
4.00805
13.7313
2.90611
1.76624
2.48131
6.96508
10.7361
1.15336
3.64813
2.19601
0.827443
0.830219
2.22228
1.4438
3.45318
1.9026
0.53421
1.49581
7.38998
0.851795
4.81618
1.29528
1.06841
0.372972
2.37207
4.07463
1.19146
4.03363
0.17037
1.01003
0.0401121
0.542078
3.80851
0.215823
0.370885
0.285171
0.285586
3.67577
2.18269
1.25093
13.0908
0.427184
2.58973
4.97639
1.06139
1.85642
0.627944
2.65199
1.55174
0.581251
4.09747
6.45359
5.62927
2.75325
7.88926
0.461149
0.819904
0.090376
7.39156
0.544072
1.08975
6.86528
0.564895
8.66573
8.27372
2.55277
0.246986
3.14413
2.54801
2.4175
7.42365
3.04299
0.702478
1.83124
3.80507
1.01589
3.49844
1.59155
7.96185
0.362879
2.15959
1.78915
3.78168
2.36584
8.76651
0.912849
1.45024
14.7562
4.02172
0.369596
6.26926
8.82741
0.860967
0.916179
1.71001
0.67742
0.957568
1.50167
2.01814
2.65731
1.23495
6.76943
0.915542
0.884878
1.49614
0.104137
5.70268
0.608409
3.23147
6.30506
2.02197
8.72772
0.448779
7.25583
4.94105
3.37927
1.16411
0.944245
1.62258
3.36375
3.68882
3.069
5.30676
0.567191
0.311635
0.953891
0.799093
0.630609
4.60259
6.33978
2.41297
0.59548
4.18854
3.46663
1.3624
2.64401
0.323189
5.45246
0.530473
6.29168
1.14752
0.934483
1.46149
9.04075
1.60673
0.598076
4.09969
3.65061
0.066542
1.56468
1.54355
0.625327
1.0993
0.72109
0.586696
1.70333
3.78718
0.670662
1.57235
3.62161
0.475841
3.13693
1.00238
3.04282
2.42786
5.6874
0.456036
2.34345
2.59685
1.84423
3.2113
1.3372
0.931869
4.58604
4.05015
7.10742
5.29644
3.22877
1.41881
3.82315
0.134984
1.87298
0.633252
8.16473
2.68103
1.8043
3.04195
4.13733
0.219843
1.09834
2.1075
1.19412
0.812734
5.09993
0.121045
4.80646
2.17065
7.8453
2.26984
3.08237
2.13272
3.4698
2.64574
9.2347
0.80913
3.04122
2.7575
0.237498
0.897348
0.16776
4.35844
4.70649
0.820724
3.21766
6.24179
0.717506
1.70024
2.92554
0.362143
5.68441
0.271643
2.0775
0.857191
1.533
0.334174
1.49994
0.279183
3.16828
2.26173
3.4534
0.957992
6.61688
1.41101
0.280594
1.81243
4.0773
2.43562
1.24057
0.943399
0.444142
5.08271
0.791031
0.0204017
0.156428
2.19398
3.89834
3.38435
1.12584
4.72553
1.87126
0.89053
1.20062
3.17869
0.706496
2.38662
5.02971
3.18042
3.59144
2.24745
0.324608
0.15887
2.65105
0.973993
5.06489
2.26782
0.56605
0.45627
1.44334
0.242357
3.48651
4.46263
0.248939
0.433346
7.94139
3.98453
0.0820149
3.49527
2.6513
5.24785
1.04807
10.5091
0.297875
10.6682
0.212953
2.55731
5.76662
1.01334
1.51309
5.17421
8.06604
2.75313
0.612174
6.89772
0.66828
0.379463
2.08275
2.72702
0.34727
6.17317
1.82286
5.24948
0.436204
0.965653
0.425342
1.37652
1.41045
1.67866
0.0399599
4.07009
1.82148
4.77618
2.86657
0.439444
1.52145
4.18683
1.75212
3.30909
0.924744
0.382249
4.6737
2.19489
0.336877
0.70736
0.915297
6.50943
0.640565
0.153138
2.63442
4.4941
8.9692
1.27791
1.67683
0.549605
12.3625
0.217575
0.690354
0.507899
7.62693
9.46575
3.20865
1.03154
0.508858
1.83382
1.72431
2.31639
2.19334
2.69609
0.741646
0.344158
1.52851
5.28633
3.34553
2.90456
0.943622
1.85681
1.46148
2.731
3.92647
0.967034
7.33369
0.146832
8.10936
1.56627
0.942459
1.58217
3.66429
5.88133
0.90214
3.15948
0.435289
0.482249
7.59518
1.51452
0.798778
6.43497
0.155321
1.79941
0.85486
3.71393
1.61981
3.63364
5.51433
3.17748
0.75786
1.21257
2.41692
5.64988
4.16165
13.7402
0.134855
3.00538
1.7649
1.57939
4.59781
0.878344
1.67082
1.61811
2.02651
3.76606
6.87309
5.33979
4.80108
2.00571
4.94184
0.0228503
1.87887
9.41973
2.1241
0.274333
3.51026
9.02747
0.234957
1.9553
1.25546
0.220206
3.60279
0.0760627
2.00953
7.57678
2.30843
1.11463
2.74512
2.28398
2.63713
2.29633
0.0226941
0.974613
3.68854
1.79222
1.24685
2.85616
1.11942
1.80658
2.83888
2.40324
0.0385505
0.850623
0.522797
0.712229
3.40896
11.3267
3.55356
0.534071
6.72258
4.1677
1.74358
3.42909
0.216737
2.97786
2.11381
1.06511
1.03957
1.23961
0.0973972
1.95449
8.33729
3.98545
0.126036
1.90865
8.31543
1.77013
0.704706
0.437255
0.0227818
4.93712
1.20988
0.595994
0.624475
3.31177
3.0386
0.658906
1.01359
0.10066
0.000645624
0.23566
2.4634
9.17922
0.121349
4.09075
4.45147
1.08087
0.842491
4.96046
0.523382
4.52688
1.29621
0.000643042
2.29783
2.35098
5.76802
2.64993
0.303212
1.74347
0.359103
1.68154
7.97592
2.45637
0.545506
0.592698
1.69824
2.77387
5.54729
2.3889
2.28928
0.964404
1.76219
1.35583
0.529148
2.85641
1.24353
1.59439
0.314875
2.8528
9.92761
0.938146
2.91713
3.2124
0.627155
0.472263
7.17754
9.91869
1.76953
1.53531
6.54876
0.405166
0.91976
0.951769
0.38724
1.84106
3.17389
6.10436
2.48002
0.860822
1.81276
4.3471
4.88627
4.89017
6.78455
1.95876
1.77431
2.0124
0.973429
0.30627
1.55024
3.28318
2.11029
3.41263
2.02889
6.40388
6.41067
1.75676
0.153493
7.43436
2.21844
2.95986
0.400016
0.820673
3.47877
3.00316
0.831871
1.60274
2.78749
0.304498
3.72026
2.59891
0.60771
3.98987
0.192133
2.14229
7.55951
0.331811
3.93951
0.38598
2.33316
3.14448
1.11056
1.0065
2.49973
0.816256
8.29175
0.469721
1.04106
0.770602
0.678275
3.26632
0.381124
0.113603
0.537481
1.70773
3.90065
6.11748
1.3288
0.213541
9.50424
2.28226
4.97384
1.0734
0.360444
8.64853
4.2816
3.37046
0.68981
3.3047
0.698295
2.0382
2.73295
0.193603
3.99377
1.00789
0.0684146
2.17527
1.65473
1.21904
4.93758
6.05738
4.77543
1.32258
0.135596
0.557744
1.60586
0.499934
4.92627
0.287461
2.14539
0.563351
0.94308
0.107262
2.88729
5.2422
2.66038
3.2051
0.737908
0.525419
0.933546
0.156439
0.567099
3.92991
1.62475
4.18238
0.270662
3.23759
8.45926
6.49005
0.188049
1.32152
2.71639
5.20615
2.18258
3.12124
3.4968
6.34591
1.25427
0.383213
0.0720092
1.4472
1.82158
1.66516
0.0720659
5.4577
0.579365
1.03295
0.872732
0.190367
4.09404
0.00641389
3.32639
7.32379
1.67473
0.268499
0.483015
7.33535
0.754955
0.845641
4.63325
0.870776
2.74328
1.74061
1.23523
0.581477
2.34415
2.67704
4.54307
0.811494
1.5094
0.82881
1.22657
6.51447
0.274787
1.34051
1.51843
0.23342
7.51158
2.23858
0.794939
1.83726
2.9895
8.59929
0.0373563
0.613195
9.22172
1.46347
0.612103
0.955606
13.2993
8.03585
5.27035
6.96854
1.00074
7.64099
4.27543
1.14821
0.0753381
3.78002
2.88665
0.065557
0.458835
0.544295
2.45204
0.234406
2.11478
2.27419
1.54016
2.66254
7.67667
0.658911
0.903914
0.171445
0.178277
3.98724
3.28866
0.479466
0.802955
1.47397
1.17624
2.44862
5.36607
3.09087
8.33119
2.41586
0.173149
1.51322
2.62641
0.597448
4.71943
2.74565
6.0981
1.04828
2.37623
7.93136
5.24745
8.20155
1.13097
3.97556
5.16848
4.21085
1.16546
2.50599
0.266943
3.88598
3.44394
3.57894
7.3848
6.26679
1.03474
1.98506
4.58124
4.4734
3.82439
2.56817
2.07679
5.01899
4.14122
2.32333
6.83592
7.95706
3.25042
1.17829
1.28009
2.05752
3.38702
0.995359
1.34024
7.22491
1.86648
7.20081
2.19349
1.85398
3.36184
13.3248
0.150011
0.338762
5.91519
2.41214
3.76802
0.0156212
1.5009
4.0613
1.25291
0.711897
6.53486
5.4031
1.63408
1.95873
7.66677
2.23101
3.84785
2.36469
0.66433
0.31897
1.53137
0.0369376
8.71225
4.5774
3.94138
0.303909
5.63363
3.50695
1.95201
5.36395
1.69132
2.2118
1.03782
0.0987469
3.96719
3.28676
2.50318
6.8124
1.55983
0.786554
0.163492
4.56451
1.50288
8.67692
4.38998
2.37859
0.46665
0.217405
0.0641395
3.46851
0.204845
1.61601
10.5078
3.19592
16.9176
1.33143
1.037
4.57063
3.69512
0.957738
4.26007
1.88985
1.84966
2.15432
2.96851
2.17654
0.407618
5.98088
6.12526
1.04531
0.270694
1.69559
3.22325
2.51899
1.71107
6.82988
1.53979
1.26844
7.33894
3.18352
0.859219
1.81878
2.48087
0.0806999
0.118758
0.00596383
4.60968
2.37088
3.16392
2.24327
0.918157
4.36087
2.93224
0.357406
3.09713
16.1209
0.0912675
4.3838
1.89614
0.298582
0.0616992
1.67033
3.36801
3.97973
2.37225
0.0187868
9.17566
3.95867
1.17123
1.92692
2.38848
2.54555
1.08387
1.39501
5.14932
4.79487
1.99532
1.98411
6.40722
0.683985
0.100671
4.11005
0.21629
5.50141
1.2512
5.39363
1.43339
0.209822
2.66815
3.93105
2.88299
2.16275
5.50328
8.94203
1.51284
0.351508
3.51358
0.581406
0.32136
2.13438
6.76093
5.15043
2.10866
4.52348
0.963587
6.17899
7.08719
9.44353
9.6429
4.21332
1.25473
0.160873
2.62545
6.42673
3.31793
1.23408
1.82032
0.500271
0.491603
0.601333
19.0981
1.89129
2.52722
2.68636
0.246979
4.33692
2.2683
0.435609
0.457674
0.349831
5.94289
0.737864
3.72011
1.08938
7.56623
0.844352
3.00074
1.98388
1.15697
5.47717
1.32022
0.931084
1.95293
2.16361
1.08204
1.41069
0.865614
2.78937
1.9067
6.66714
12.074
2.58404
1.29078
0.0877663
2.36119
1.61729
1.43956
4.9471
8.7003
3.13753
5.70214
12.2011
2.06821
1.62306
0.966563
4.96226
2.84986
8.03496
5.06739
4.00968
3.66433
3.37852
1.87983
5.52339
7.09169
2.14486
1.63353
0.463127
2.004
0.026443
0.532088
1.14277
2.12074
2.11548
0.116906
2.83382
0.87492
1.22189
0.471493
3.51058
5.61374
0.0776521
0.438323
0.101314
0.871562
0.0544528
1.17109
0.924099
2.2022
0.688084
3.67896
0.251238
8.42687
1.12815
2.70046
0.416909
3.1927
0.05329
1.50084
3.24564
1.12378
5.02841
3.84195
3.71348
1.20635
3.62459
3.97375
1.16543
4.33565
0.634718
0.128596
0.0149128
3.18512
2.27798
2.20826
0.253165
2.10209
4.94353
3.06871
1.07291
0.870737
0.344603
6.00756
2.70674
1.13776
5.00204
3.36607
2.7509
0.546856
2.73174
4.24991
1.01715
1.05568
1.88205
5.02995
1.31925
7.05162
9.3047
2.59332
6.00045
0.789534
1.44034
0.398789
0.0263777
0.104798
0.561881
0.687002
1.87133
1.98082
5.4939
0.460025
3.37329
7.41046
3.06499
3.93024
3.45455
0.16555
3.17298
4.83233
2.00655
2.11926
9.16781
2.95415
0.00355872
5.05112
2.49568
1.15278
3.30951
1.57832
0.63612
2.21515
1.1895
2.2481
2.55162
2.58992
0.987088
5.58671
1.51911
1.97855
0.155449
6.08364
2.29383
6.15428
0.507012
0.928014
0.537885
4.51553
0.448461
13.6049
3.30391
1.1292
2.00741
0.461349
7.96891
0.814232
2.36247
0.227492
6.97347
0.999275
0.720738
0.607555
4.58837
3.31956
8.56584
1.24955
1.91133
1.96488
2.18539
3.65323
8.9261
1.6757
10.3273
5.06955
0.00214703
3.38073
2.82447
1.0579
0.246946
4.46123
5.45009
2.19559
1.32188
6.45955
1.61786
1.45384
0.217605
0.221461
6.94452
2.01226
5.5177
2.31112
0.0359289
0.681602
4.10475
0.389553
3.23823
0.989136
6.84393
0.688881
0.273743
2.01751
0.11379
0.276087
12.4944
2.2308
1.65456
2.67408
6.71086
0.270864
6.39637
0.159575
0.140316
3.80921
0.267318
2.60044
4.0178
3.44682
10.3078
2.22009
2.76513
2.24105
5.52782
0.29256
0.978599
0.339571
4.7002
4.11281
0.436258
2.87902
0.499533
3.46336
1.67247
1.49018
5.81287
5.34003
3.31726
3.32454
1.46832
0.178513
1.32564
1.74013
0.889351
0.423852
3.25918
0.237308
12.7178
1.57244
5.22069
7.24462
0.0236186
7.26534
1.6447
1.05874
6.13354
6.4977
0.379132
6.52402
0.118906
3.65095
0.1223
8.98779
0.563469
0.904372
4.47103
5.11993
7.86078
7.40663
1.85335
8.15582
2.3344
1.83906
2.40034
1.83781
2.161
2.48207
1.18127
1.60595
0.173799
4.87907
2.18552
2.05189
0.250517
3.52361
0.923207
0.464566
0.815314
2.24071
3.08795
1.89209
0.897539
1.52554
0.234727
0.784173
9.61613
1.53
5.20141
3.60581
2.45274
0.966602
0.0133667
1.4913
1.80812
5.583
1.1483
2.656
3.97113
1.70774
2.171
2.11543
10.637
4.87324
3.92397
4.02545
3.30465
0.465719
1.77784
1.27902
0.90709
1.45236
1.06117
1.23875
0.301453
0.438463
0.323859
0.967728
2.37465
1.34139
0.736861
0.545971
0.3364
2.56446
2.23743
0.401311
2.69448
0.659264
3.33468
0.800813
5.22844
0.628228
2.87291
3.40645
2.16006
0.288589
2.70738
3.44753
1.60113
3.59049
6.00479
0.439628
3.37233
1.34226
6.02841
0.514217
2.50326
3.13637
7.43698
6.42962
1.11512
0.569234
6.98844
1.98328
4.61852
4.69244
0.76143
3.56031
2.50354
7.95585
2.29431
1.12125
4.43634
1.19004
6.13473
5.65994
3.35406
1.73993
0.765075
8.07969
0.305411
2.39936
8.86451
0.765322
2.92692
10.9975
1.16475
1.64233
2.50738
3.40986
0.0391273
2.46933
11.6692
0.688577
1.41471
2.00731
0.387465
3.21696
4.83326
1.67456
3.0575
1.30839
2.75616
1.83624
3.24978
1.17065
0.180713
2.57757
3.39601
1.14578
0.175799
1.92667
0.749048
0.381825
0.894386
12.856
1.3032
0.86294
1.59734
0.128564
3.56681
2.98031
2.30687
6.50081
0.278696
0.0576343
2.10422
1.19631
0.533075
1.49189
0.449764
3.81632
3.28005
0.858569
2.5514
1.44949
3.96956
2.95787
2.10196
0.772377
3.46118
9.14471
6.6762
0.0562988
2.53751
2.28454
4.57013
1.74204
1.65323
4.43218
0.809857
5.34615
2.32496
2.4179
0.559326
0.514069
1.37089
4.39984
1.06426
1.659
0.443689
10.8656
1.58366
0.33772
1.87804
0.39762
2.68207
1.06697
3.05151
3.65006
1.17709
0.181992
1.42828
1.7326
10.5123
0.675169
1.17511
2.71266
2.64831
0.00922253
0.875617
3.45782
3.94745
1.8663
0.482462
3.60622
2.80099
3.66791
3.89715
0.971298
2.9045
4.89049
0.807245
1.43162
0.486275
5.43543
0.395603
3.70672
0.466075
7.05574
2.41409
0.36938
1.27499
0.269815
0.167908
9.93405
14.2055
2.5006
0.506251
11.2043
1.65964
6.62546
3.42919
9.96571
4.88982
1.4313
17.6685
0.554309
1.1995
3.79967
2.19906
5.73334
1.11094
1.80953
1.71408
6.52341
0.0718857
2.02342
2.94092
0.924247
2.57971
0.921219
0.0725219
1.28974
1.58849
5.17957
1.05865
0.975988
2.00418
5.60035
1.90566
0.367535
0.378095
1.41243
0.362944
6.02311
1.33311
2.17216
0.911524
7.15369
3.00243
1.52897
3.56575
1.3309
0.681279
1.77036
5.95222
0.144734
6.74796
0.144872
4.32332
8.35421
5.744
1.714
2.45534
9.45635
0.178763
0.35847
0.279385
0.26324
3.21667
5.41671
5.11123
0.986699
0.665
7.38006
6.49222
3.69045
0.448471
0.443655
1.10922
3.1998
1.59905
20.1542
5.71988
0.65297
3.2693
0.497779
0.216629
0.294564
2.68558
0.926083
2.33848
0.572254
1.76339
1.90386
5.79522
1.06412
0.523523
1.872
4.36695
1.05238
0.584865
3.25041
4.72227
8.36076
1.20926
1.79896
1.27764
3.90941
1.02013
2.47586
2.02846
0.587884
2.6639
1.19343
3.68776
9.04883
1.58968
1.09201
1.31125
0.966244
1.17538
0.432891
0.289277
10.6461
1.61417
0.118178
0.0319893
0.212941
0.602815
0.956255
1.3386
0.234396
7.94863
4.29122
0.280821
1.02908
0.778226
0.464822
6.25662
0.145164
0.615383
2.09698
0.708668
3.04846
3.04343
2.18058
3.9388
1.69932
2.7185
3.3532
4.53515
1.57183
3.53744
0.988218
1.85513
9.71084
1.75424
1.20006
3.10455
5.26852
1.18689
0.452039
1.74747
2.9956
1.23585
0.570511
0.419995
1.89644
11.6682
1.21882
0.359813
1.56104
0.0959743
2.23499
3.82349
1.29816
3.61049
1.76468
1.58436
5.86703
0.659137
2.47726
6.18301
0.77553
1.36795
1.86458
1.75918
7.01436
9.25655
10.4377
0.150465
0.791965
2.16643
7.56653
0.0571341
9.28001
3.88878
5.32484
0.520124
1.49533
2.35996
1.77858
2.0651
3.60777
0.864567
1.89468
0.526638
5.15188
1.39481
0.495294
2.71288
0.831518
9.74757
4.16242
0.685361
8.18117
0.801955
3.76959
3.48003
0.598249
2.19766
0.729287
0.260393
1.60117
2.4795
0.204749
3.66546
0.303618
0.950199
1.56721
7.66652
7.10504
0.923654
1.44378
5.13795
5.84724
1.59648
0.603856
2.35107
1.02431
4.26168
0.721751
0.340319
1.10081
7.26818
4.78763
0.215998
1.73511
9.37342
1.59888
1.25134
1.11198
1.0254
1.2477
2.63611
0.506967
0.311664
0.375822
0.274987
5.28774
3.42206
6.00459
1.02166
6.08993
1.27228
6.42646
2.78288
6.64382
1.45798
2.43195
1.58086
5.02176
0.0243731
2.77951
6.36589
5.67747
2.93156
5.82621
4.87209
0.253126
4.96506
2.23821
3.86357
1.02078
2.16082
2.77511
0.241082
3.12473
3.8318
1.86319
2.50306
6.17371
1.10886
0.875613
0.613824
1.83149
6.32175
3.78174
2.73868
0.223853
0.886379
5.28992
0.510187
8.93393
0.592369
1.02243
2.82656
2.34196
1.41438
1.78833
8.3625
6.93706
1.24194
3.61691
0.2014
1.32432
3.80926
1.27571
2.13879
2.87738
4.14265
5.72688
3.61428
1.6323
1.13626
2.89233
2.16162
6.94465
4.78906
1.72077
1.30919
4.33911
1.33742
4.80999
3.02964
3.10463
1.05304
0.692972
0.289941
3.89126
2.80591
1.76307
2.26984
1.41208
9.20981
3.50762
0.105036
2.39911
0.696444
1.01216
13.953
3.76693
0.767528
5.11742
3.7104
0.225438
1.19188
2.21386
0.131787
8.12182
3.2803
1.11186
1.45626
3.21012
2.17161
3.47292
3.13079
5.75734
0.583613
4.97642
1.46763
4.70501
0.98875
0.814096
0.542358
2.15626
0.905466
1.19078
3.66555
1.85228
5.51813
1.44984
0.18679
5.13109
3.52852
1.68689
6.66341
0.801876
6.55761
1.66952
1.30474
0.638946
3.08456
0.170271
5.30717
0.769962
0.215603
3.7487
1.52346
3.77078
10.0551
0.216113
4.93897
1.7842
8.64912
2.02147
7.22072
6.15307
2.63631
2.92262
0.764113
1.73126
4.14009
4.06753
2.02891
4.01782
2.62822
1.23164
1.59526
4.3601
1.19627
1.40375
1.18334
0.150269
1.34134
4.43318
1.86926
0.132067
3.97993
1.63817
1.09824
2.02695
1.23568
4.14673
2.52739
6.55415
0.503518
1.17086
6.19442
0.542417
2.08501
0.87782
3.99591
2.76766
0.145492
0.342935
9.28044
3.21922
0.462315
0.197913
1.07116
0.73203
3.22783
0.215484
0.914512
9.04987
0.0685373
5.83149
0.377417
0.626648
8.37433
1.31316
0.389031
0.3125
0.556156
0.0618703
1.90476
1.68639
11.7823
6.75535
4.5534
1.54507
0.263331
1.11871
4.49218
2.42627
1.2407
6.05955
2.96716
0.908241
2.84114
0.263265
6.03019
0.771987
2.85818
0.00958812
0.160403
1.60926
0.785732
3.7497
4.31712
2.25913
0.046788
1.16862
5.65293
0.747093
0.0626756
2.68911
2.10161
3.34182
0.160963
8.43501
0.397317
3.02684
8.0144
3.43756
1.19786
1.4274
2.03527
1.85243
0.566642
1.14834
1.45638
3.66662
10.2017
3.0265
3.74416
0.0924845
16.4332
0.0619422
6.4127
0.0972136
0.749644
0.589948
2.3466
3.37959
4.66379
0.0141441
0.0763409
2.06086
13.787
10.7197
6.18688
3.36507
0.421343
0.731434
2.31506
1.30708
9.73306
1.12372
0.713929
6.13391
0.5372
4.78013
6.86587
4.53187
0.163727
3.3558
3.38889
3.99323
0.663696
1.71384
0.661297
0.0318513
2.33282
2.44451
7.7668
4.62519
0.162126
0.228701
3.35407
0.772166
8.41815
0.0336567
9.30538
0.296623
4.05443
3.48513
1.57707
4.32896
0.623952
3.58071
0.697299
1.45472
3.86786
0.518874
6.6766
6.01961
2.24619
1.0091
1.14421
1.13441
1.229
0.852568
0.986489
2.14274
3.66658
1.04307
0.0834819
5.16433
5.26031
5.83909
1.45627
1.4273
1.33967
0.917306
15.3238
0.410059
1.28171
8.10217
1.09259
0.981686
2.79014
5.60292
3.9713
8.00073
4.05483
3.22793
1.91829
2.26078
0.869351
11.6558
3.83568
9.7937
1.57816
2.90363
2.99737
0.760669
4.93482
4.1134
2.4731
2.89515
3.62009
1.59966
3.20219
2.82991
2.92633
2.67794
3.55913
1.91135
0.701727
2.99494
1.69675
3.00881
1.39558
2.68659
0.117292
4.39153
10.0263
5.98098
4.11606
1.13925
2.87303
15.0374
1.11813
3.28146
9.54824
0.872398
4.6598
2.23391
5.74191
6.52408
3.87588
2.59673
1.87651
6.6485
1.05569
3.37377
16.1418
13.818
0.390535
1.93781
1.66998
4.24211
0.26566
3.60815
2.54235
1.27982
1.05963
0.279842
4.2793
0.96596
5.41858
0.402038
0.359098
5.76049
5.20488
0.942671
8.11157
2.61185
5.37417
3.26146
1.77002
0.21472
3.57172
1.71163
6.60855
2.51927
0.785982
6.55528
2.09283
0.844116
4.01775
20.3484
2.99035
0.383147
4.38688
0.614816
4.82037
5.59787
3.04415
2.84341
2.09844
1.04003
2.93477
1.01955
1.00394
2.82313
1.15848
1.0371
2.43499
1.4417
9.71716
5.17549
3.88283
1.99518
0.395179
2.73141
2.15395
5.52664
2.35825
2.34124
2.30165
3.31853
0.65726
3.04505
1.69404
2.21247
0.937531
6.23825
0.873183
2.4742
3.23124
1.8209
4.20759
2.86203
4.22361
6.61596
4.27054
2.81359
7.55158
5.93301
1.90977
1.23964
0.182582
2.13169
2.62638
1.17399
4.63052
3.55928
1.10566
2.39255
1.86042
0.0899703
0.967603
0.201414
0.199773
3.64105
5.53513
3.01665
5.60481
3.30022
2.32901
0.778962
6.20078
1.55547
3.80831
1.45243
3.52605
0.0982424
3.11038
0.0786981
1.15314
7.53367
1.16699
1.05243
0.513196
7.3216
1.63679
2.40819
0.680831
3.98085
2.76115
0.668071
4.31153
1.24074
0.201593
0.916703
8.75311
1.49871
10.7319
0.864482
0.511894
1.60729
0.122163
3.65475
0.701856
0.0406987
2.98033
1.64733
1.24211
0.470574
4.42642
3.67847
2.69424
0.389634
1.8828
2.26092
0.311368
3.53607
0.221976
6.16202
2.67619
8.78878
2.14566
0.115128
0.209059
1.2712
1.60021
1.97145
0.795863
0.357696
4.2901
2.98456
1.25364
7.88152
0.586619
0.262164
2.03893
0.897955
3.23006
1.48986
1.66212
0.406749
0.498366
1.95707
1.62837
4.37092
0.349736
0.941615
0.693307
3.07604
0.837488
1.81288
0.802063
6.08512
0.320712
6.44383
0.866809
1.14816
2.70837
2.42909
0.0401166
14.6039
0.847192
1.57329
5.89829
7.21904
3.00613
6.16932
6.59127
2.34155
0.0881709
