2.77603
2.96146
2.92535
2.92266
3.11345
2.96404
2.82148
3.03731
3.00548
2.74538
2.88922
3.07581
3.07089
3.01323
2.72865
2.80075
2.74
2.98341
2.96243
2.85819
3.06201
2.91162
3.05011
3.0759
2.87456
2.89255
3.05229
3.01972
2.74718
2.88208
3.00213
2.88062
2.97124
2.93525
2.89415
2.72824
2.97463
2.84898
2.73336
2.90748
3.11344
3.01155
2.87047
2.91498
2.79649
2.94274
3.06237
3.09955
2.88586
3.00491
2.74703
3.00499
2.92185
3.04966
2.8787
2.98002
2.83711
2.85195
3.10063
2.75716
3.06996
2.82463
2.99821
3.05595
2.87582
3.08289
2.86396
2.83582
3.08157
2.76146
3.08049
2.94437
2.97147
2.7191
3.07662
3.00592
2.87756
2.88793
2.9704
2.99212
2.83394
3.07809
2.79468
3.13841
2.90844
2.81696
2.75127
2.90755
3.08181
2.99251
2.87063
2.89953
3.06333
2.92386
3.0862
2.91584
3.13281
2.88537
2.89533
2.72837
2.85906
2.87414
3.06334
3.03519
2.90514
3.05733
2.83072
2.90893
3.13339
3.05416
3.01212
2.75639
3.04302
3.07176
2.93516
3.13873
3.0468
2.7839
3.04564
2.74116
2.87482
2.83386
2.87274
2.80111
2.90746
2.76408
3.10175
2.83598
2.77727
2.92295
3.04049
2.98047
3.02365
2.96255
2.76533
3.01851
3.01933
2.95437
2.8187
2.97798
2.72432
2.97644
2.82697
2.94263
2.87913
2.95553
2.95235
2.7192
2.81788
2.85087
3.04014
2.98036
2.83127
2.98362
2.74156
3.0866
2.86887
2.81348
3.01104
3.00225
2.74603
2.92307
2.93316
3.07394
2.80649
2.72824
3.04515
2.8087
2.72444
2.83687
3.02752
3.01932
2.93189
2.80242
2.84053
2.74195
3.09543
2.889
2.88614
2.79134
2.85696
2.761
2.78388
2.94042
3.056
2.78714
2.86997
3.05915
3.10494
3.0651
2.75948
2.81848
3.02315
2.92205
2.76093
3.0663
2.88726
2.9343
2.81123
3.11228
2.92505
3.02546
2.86185
2.86788
3.12604
2.81142
3.03576
2.7733
3.01054
2.8213
2.82221
2.92181
3.05439
2.95293
2.7917
2.90469
2.74672
2.76999
3.13831
2.86559
2.96078
2.83023
3.1142
2.71863
2.92342
3.1383
3.07065
2.73555
2.7455
3.07237
2.73947
2.74563
2.86422
2.75015
3.05119
2.84149
2.92563
3.04787
3.07154
3.02538
2.77278
2.94063
3.01369
2.72906
2.77178
2.83738
3.05952
2.97393
3.04279
2.77117
3.11203
3.07538
2.99889
3.04009
3.14028
3.02184
2.80229
2.84494
2.76965
2.93863
2.73134
2.82428
2.79497
3.00174
2.88561
3.02917
2.75546
2.73991
2.83304
2.72722
2.78223
3.07449
2.75419
2.85812
3.06164
2.97444
2.78578
2.8592
3.04561
3.07404
3.12575
3.12247
2.84646
3.08896
2.7776
2.7502
2.75055
2.95569
2.9524
2.88146
2.89872
2.92594
2.85672
2.87791
2.90526
3.0512
3.08308
2.99268
3.11588
2.89992
2.8062
2.73615
3.04324
3.09774
2.89678
2.76888
2.77966
2.83316
2.95225
2.87018
3.12583
3.02702
3.07991
3.05034
2.98413
2.84143
2.73992
2.73861
3.04217
3.12618
2.82953
2.8809
3.10125
3.11431
2.797
2.87368
2.73383
2.90116
2.78874
2.82592
2.84754
2.96231
2.97124
3.03519
2.96809
3.004
2.72053
3.06389
2.89674
2.96425
3.10516
3.00918
2.94163
2.92579
2.90666
3.03485
2.98222
3.04153
3.07345
3.10572
2.91982
2.73063
2.89381
3.07425
2.85861
2.99704
2.73336
2.92034
2.82995
2.77143
3.04583
3.02012
2.77844
2.86636
2.88422
2.78587
2.74202
2.92052
2.97112
3.03249
2.72406
2.95803
3.10993
3.09417
2.9796
2.91791
2.82666
3.09251
2.79235
2.81399
2.83431
2.73489
2.71947
2.83072
2.99334
2.95299
2.92571
3.00442
2.73651
2.75206
2.93493
3.00539
3.11302
2.81898
3.063
2.89265
2.78625
3.03606
2.89847
2.90071
2.82301
3.00148
2.82413
2.7877
3.0786
2.87863
3.08614
2.8512
2.74446
3.00839
2.90833
2.84019
2.80432
3.00586
3.01821
2.77043
3.1264
2.84342
3.12218
3.13725
2.916
3.02766
3.08081
2.98505
2.86357
2.92373
3.07181
2.81444
2.88203
2.90577
3.10801
2.93753
2.82844
2.83421
3.07396
3.0423
2.99488
2.83288
3.03251
3.14089
3.09181
2.74257
2.83827
2.9543
2.97091
2.9721
3.08454
2.93629
2.74769
2.95511
2.81794
2.83617
2.86995
3.08661
2.9504
2.92183
3.02253
2.94394
3.11831
2.76297
3.08074
2.83762
3.02005
3.12478
2.98466
3.09051
2.73662
3.09693
2.83397
2.77851
2.91144
2.93761
2.80441
2.99446
3.11637
2.7791
3.06668
2.9433
2.99545
2.98026
3.10539
3.08598
3.08164
2.85604
2.74212
3.10465
2.9481
3.09339
2.87553
2.80575
2.90191
3.06566
2.82984
2.79625
3.0155
3.12566
2.81828
2.75065
3.07467
2.92795
3.04256
2.93347
2.93277
2.88299
2.90728
3.02727
2.83998
3.09261
2.92312
2.86606
3.08406
3.11347
2.92699
3.02665
2.72123
2.8729
2.81792
3.05004
2.83028
3.13453
2.93688
2.91359
2.95828
2.89743
3.01676
2.89522
2.8784
2.72147
3.0937
3.11203
3.06737
2.75975
2.81998
3.01314
2.80916
2.89529
2.74816
2.72294
2.78375
3.13215
2.93385
2.78771
3.04968
3.01349
2.95787
2.89792
3.03568
3.05951
3.02257
2.82908
2.78088
2.93812
3.02559
2.7859
3.13328
2.82152
2.89949
2.7734
2.75746
2.85746
2.88983
2.8229
3.03257
2.93354
2.72542
2.93991
3.10462
2.87031
2.75599
2.87769
2.8287
3.03353
2.758
3.12378
3.09566
2.88106
2.76612
2.76907
2.92369
3.02333
2.93177
3.04377
3.03671
2.832
3.02731
2.844
3.02314
2.89831
3.07525
2.81206
2.81525
2.76735
2.73779
3.08688
3.12835
2.80674
3.1016
2.76916
2.94617
2.97604
2.98069
3.04617
3.03672
2.82898
2.89841
2.8065
3.1017
2.91798
3.09762
2.9917
2.90962
2.7906
2.90139
2.96399
2.76052
3.06782
3.13544
3.12713
2.80706
2.98827
3.04339
3.08257
2.79844
2.96998
3.0746
2.96558
2.75753
2.76466
2.98629
2.94932
3.10135
3.13905
2.87514
2.98556
2.8775
2.91722
2.89941
2.85348
3.01626
3.06409
3.11488
2.89698
2.77871
2.9922
2.89438
2.7895
2.90322
2.78894
2.91465
2.79621
2.97624
2.90989
3.00366
3.10063
2.72639
2.74589
3.11449
3.10125
2.76639
2.7264
2.77728
3.00516
2.83961
3.10202
3.00659
2.90172
3.01242
2.76924
2.85746
2.81757
3.01727
2.97329
2.8234
3.01474
3.08706
2.84685
3.09256
3.13479
3.06102
3.05487
3.04041
3.12919
2.97587
2.87766
2.81864
2.89879
2.72718
3.0835
2.90749
2.94674
2.99312
2.83781
3.06885
3.0286
3.02606
2.75961
3.02689
2.76279
2.96173
2.71956
2.85476
2.72942
3.07523
3.04852
2.8039
2.86433
3.13825
2.89104
2.96226
2.72389
2.79455
2.99092
3.06884
2.90349
3.09509
2.95717
2.9162
2.9243
2.95192
2.92481
2.88447
2.93258
2.9407
2.99969
2.86326
2.98458
2.94501
2.81001
2.99344
2.86427
2.91523
3.0544
2.73038
3.02937
2.86107
2.96619
2.83934
2.7848
2.91337
2.86434
2.85754
2.77697
3.11356
3.01238
2.99998
2.83425
2.99363
3.09399
2.85119
2.86009
2.802
2.99121
2.79636
3.07119
2.76741
3.11798
3.00499
2.88946
2.93078
2.81608
2.86059
3.10404
3.10532
2.81848
2.82962
2.76326
3.0935
2.7558
2.90185
2.89851
3.07126
2.89193
2.89754
2.97381
2.82314
2.75039
2.93559
2.88909
3.12798
2.90258
3.10861
2.91893
3.12546
2.86834
3.08264
2.88174
2.73984
2.88482
2.72781
2.95453
3.04626
2.89811
3.0441
2.81774
2.73055
2.74264
3.05373
2.7732
3.02111
2.71885
2.78537
2.98046
3.12652
2.84246
2.90115
2.87311
2.7439
3.0256
3.14157
2.99361
2.94601
3.07892
2.79742
2.88115
2.73077
2.80884
2.73844
2.78758
2.76397
3.05068
2.79854
3.01104
3.10884
2.82784
2.79029
2.75401
2.85421
2.96555
3.01053
2.96244
2.99996
2.76022
2.94044
2.87011
3.04376
2.79971
3.05524
2.73678
2.76889
2.9862
2.7337
2.72008
2.90438
2.8714
3.07204
3.05591
2.78266
2.7237
2.88717
2.90873
3.07526
3.08478
2.89772
2.80239
2.98221
2.88472
2.98418
2.99644
3.0208
2.93294
2.98786
2.86738
2.86795
2.93504
2.77391
2.75883
2.88301
3.06587
2.79739
2.82301
3.13033
3.13031
2.98233
2.78675
2.72408
2.80322
2.96608
2.97857
3.06913
3.08929
2.73528
2.78096
3.11336
2.7703
3.06307
3.03031
3.13987
2.78856
2.8243
2.96023
2.78419
3.07644
2.89729
2.75565
2.79759
3.01975
2.74827
3.07375
2.73187
3.06882
3.08733
3.13793
2.98254
2.99795
2.99975
2.76254
2.91566
2.84611
2.76043
2.82481
2.83023
2.99911
2.76625
3.12322
3.06642
2.82255
2.90665
2.74728
2.91372
2.7563
3.03446
2.91367
3.12832
2.97459
3.12368
2.85004
3.06679
3.12242
2.73965
2.90438
2.82866
2.90777
3.0125
3.00124
2.98996
2.83069
2.89916
2.90495
2.98989
2.81438
3.07466
3.0022
2.94991
2.9669
3.02958
3.00134
3.05337
2.97484
2.86356
2.86184
2.93212
3.03814
2.85677
2.92268
2.85753
3.03653
3.07391
2.7299
3.03137
3.06135
2.99351
3.00709
2.93433
2.88006
2.8764
3.14065
2.99701
2.85516
2.89942
3.0968
2.80132
2.84347
2.94999
3.06194
2.91946
2.96742
2.94906
2.87388
2.97815
2.74321
2.7722
2.96764
3.00566
2.89852
3.09391
3.08063
2.91363
2.89572
3.02747
2.95267
2.9335
2.95487
3.14096
2.82803
3.01752
2.88843
2.74808
3.01976
3.13217
2.88974
3.0764
2.9247
3.02079
2.95387
2.81448
3.0461
2.87141
2.7594
3.04246
2.95424
2.78748
2.93276
3.07632
2.86684
2.76339
2.90188
3.10627
2.82221
3.14046
3.07278
3.0844
2.97418
2.89394
2.74585
3.03467
2.8274
2.98918
2.72398
2.72304
3.00176
3.13864
2.89648
2.85168
2.93472
3.0599
2.8683
2.78864
2.98982
2.81565
3.04643
2.77871
3.03858
3.0635
3.11743
2.94347
2.80754
2.98778
2.94009
2.87913
3.07448
2.82861
3.1378
2.94888
2.74078
2.97737
2.97674
3.08649
2.96241
3.13256
2.73905
3.04053
3.03111
2.77925
3.13737
2.92048
2.79968
3.03526
3.13146
3.03597
2.76579
2.8069
3.13108
2.94373
3.01293
2.8041
2.73882
2.88738
2.93248
3.11608
3.08076
2.76138
2.76025
3.11475
3.05755
2.89014
3.06579
3.09337
2.98644
3.09556
2.94314
2.94884
2.95359
2.81376
2.81081
2.98901
3.12241
2.91553
2.83384
2.98385
3.05422
2.90244
2.99981
2.90465
2.96508
2.86206
2.78397
2.75981
2.985
3.07426
2.92044
2.71894
2.87979
2.81268
2.923
2.91921
2.72649
2.74899
3.00808
2.84322
2.78811
3.03225
3.02322
3.04399
2.94293
2.83244
2.89341
2.88919
3.09139
2.74948
3.06646
3.05633
2.9507
2.99821
3.08683
3.07632
2.87845
2.74979
2.8356
2.85614
3.02524
2.81613
2.79062
2.72978
2.77288
2.81485
2.788
3.12728
2.87582
2.80002
2.75179
3.01995
2.97392
2.77547
3.00603
2.81803
2.91351
3.00604
2.85345
2.83427
3.03151
2.72376
2.98933
2.90196
3.08612
2.94434
3.13071
2.95419
3.09797
2.74036
2.78188
3.0486
2.98126
2.76011
2.76077
2.92228
3.01667
2.79808
2.99901
3.00722
3.03793
2.90442
3.02936
3.09919
2.98984
2.87147
2.77386
2.9985
3.11266
2.86448
3.03539
2.98519
3.01638
2.94125
2.85599
3.08841
2.94503
2.89026
2.82499
2.98516
3.01666
3.13398
2.84853
2.73217
2.83002
2.90235
2.91385
2.96845
3.06502
3.13474
3.12042
2.85465
2.93639
2.9699
2.84826
3.1039
2.73778
3.02552
3.12527
2.89718
2.76163
2.8968
3.01278
2.9027
2.90818
2.75592
2.93959
2.88412
3.11018
3.09929
2.91189
2.86828
2.89035
2.95395
2.86096
3.12394
2.74246
2.78494
2.98894
2.86402
2.94382
2.80123
3.09018
2.98652
2.74934
3.06042
3.01801
2.86626
3.01945
3.07503
2.93194
2.90301
3.04921
2.94301
2.7866
3.0847
2.88436
3.02207
2.96889
2.77233
2.94431
3.05102
2.89458
2.76966
2.76205
2.89229
2.90618
3.01792
2.77868
2.97425
2.80111
2.72453
3.14099
3.11982
2.83288
3.05099
2.8793
3.00929
2.9716
2.99109
2.87502
2.85869
3.03759
3.08094
2.83614
3.13064
2.89175
3.08165
3.11928
2.91728
3.08312
3.05171
3.00941
2.77971
2.9297
3.10177
2.91413
3.05681
3.03916
3.06333
3.12999
2.97734
3.12307
2.92529
3.00825
2.95683
2.80175
2.83281
2.75164
3.05137
2.77604
3.07721
3.01064
2.80099
2.98572
2.89333
3.11806
2.76306
3.12949
2.87226
2.75274
3.00335
3.05739
2.86011
2.76953
2.94583
2.9972
3.04097
2.79167
2.97956
2.85589
2.91628
2.74893
2.83176
2.83801
2.83741
2.81564
2.93024
2.83964
3.00066
2.86836
3.12167
2.97117
3.12791
2.84501
2.74101
3.10367
2.79822
2.78727
2.96073
2.90078
2.87848
3.07748
3.01901
2.92912
2.79694
2.85837
3.06979
3.02997
2.80251
3.14104
3.0386
2.96034
2.94874
2.78448
2.76596
2.97297
2.83963
3.07818
2.73834
2.85287
2.88623
2.796
2.85376
2.78938
3.08174
2.74114
3.00857
2.76031
2.73677
2.78156
2.76945
2.92342
2.95788
2.81963
2.73543
2.87725
2.9285
2.73274
3.01166
2.91103
2.98442
2.82239
2.95999
2.73468
2.76533
2.87881
2.99854
3.11767
2.79172
3.00368
3.12504
2.98411
3.13419
3.11427
2.94385
2.93016
3.05689
3.07962
3.0417
3.12163
2.76731
3.00976
2.76895
2.92914
2.86503
2.74244
2.95328
3.03193
2.74871
3.10021
2.98859
3.07282
3.07226
2.96927
2.78802
3.01847
3.08468
3.13236
2.96374
3.08508
3.02167
3.04172
2.753
2.92094
2.99866
3.13415
2.78193
2.72208
2.74493
3.03522
3.07725
3.09575
2.73571
2.78688
2.99202
2.8083
2.90965
2.9268
3.08577
2.87268
2.88713
2.7572
2.94995
2.79277
2.89687
3.13859
2.73168
2.77873
2.93926
2.7962
2.77228
2.84572
3.13111
3.11456
2.95708
2.94968
2.92235
2.72461
2.93649
2.85178
2.78981
3.11323
3.09327
2.71898
3.01046
3.06112
2.84867
2.99541
3.01957
2.83126
2.7216
2.75202
3.13396
2.98095
2.91218
2.84285
3.09383
2.74026
3.04045
2.98353
2.9743
2.79644
2.73993
3.04332
2.94345
2.97817
2.75752
3.0379
3.03045
3.0941
3.0979
3.12455
3.01819
2.95385
2.908
2.92543
2.99402
2.84445
2.93447
3.12584
2.91105
2.85523
3.00962
2.75516
2.79408
3.02574
3.10023
2.85551
2.8525
2.86589
2.92634
2.72401
2.80193
2.85593
2.98336
2.97288
2.94585
2.76134
2.99274
2.7735
2.77982
2.99803
3.13153
2.77975
2.75138
3.12637
3.12707
2.99593
2.91546
3.04585
2.89967
2.77765
2.89062
2.89394
2.92768
2.92005
2.75941
2.95331
3.07787
3.03011
3.05209
2.95095
2.79289
3.0489
3.12706
2.7254
3.05044
2.85229
3.11218
2.7281
3.04772
2.93658
2.88909
2.8454
2.82836
3.12826
2.94052
3.13023
2.91407
2.7665
2.89266
3.10885
3.0931
2.86256
2.99951
2.86754
2.90442
2.98021
2.86436
2.823
2.96022
3.09444
2.81874
3.0268
3.03253
3.11618
2.83051
3.09559
2.92688
2.73114
2.7742
3.04865
3.10387
2.7421
3.02184
3.01178
3.07324
3.10634
3.09111
3.07658
2.93092
3.12809
3.03235
2.79042
2.84979
3.02213
2.77447
2.98388
2.76233
2.80346
3.03848
2.97476
2.86328
2.77377
3.00644
3.08104
2.98835
2.97381
2.98093
2.88978
3.02379
2.99437
3.00419
2.91032
3.12862
2.87611
3.00323
3.11331
3.09998
2.8989
2.88754
3.08333
3.13154
2.88261
2.84987
2.80138
2.94566
2.80357
2.95283
3.13897
2.97759
3.12367
2.80508
3.04702
2.99986
3.10033
2.98554
2.87647
2.85106
2.96328
2.91728
3.12588
3.13873
2.77134
3.10171
3.06398
3.0878
2.96804
2.83823
2.76987
2.73462
3.10745
3.04244
2.83176
2.81827
3.13233
2.78116
2.91266
2.7932
2.84939
3.11498
2.73572
2.8209
3.14109
2.97426
3.11925
2.75143
3.03959
2.97904
2.82579
3.08132
2.92066
3.09216
2.97435
2.82713
3.11304
2.88177
2.86879
3.02662
2.88826
2.85998
2.81836
2.99898
2.74494
3.10998
3.09993
2.84095
2.97254
3.05564
2.8597
2.94499
2.75623
2.75361
3.01292
2.995
3.08179
2.98721
2.84549
2.80422
3.07148
2.80636
2.93913
2.76082
2.95982
2.94411
2.94125
2.9943
2.95441
2.8768
2.82301
3.07277
2.7694
2.821
2.83733
2.80319
3.12734
2.81752
2.9175
2.90824
2.97111
2.74218
2.8171
2.94821
2.9216
2.93904
3.04165
3.04115
2.87382
2.85148
2.88463
2.78262
3.04338
2.72758
3.09062
2.86969
2.82026
3.07633
2.76187
2.73332
2.8968
3.04731
2.93234
3.10232
2.82071
2.92079
2.77818
2.80483
2.77322
2.73156
2.85423
3.10849
3.02254
2.74064
2.96735
3.0053
3.04062
2.91195
2.76535
3.12886
2.97448
3.10169
2.76432
3.11751
2.78228
3.00313
3.04567
2.8639
3.08972
2.88938
2.74208
2.97822
3.13674
2.81815
2.74933
2.80045
2.90316
3.02221
3.10712
3.09287
2.76879
2.96801
2.73465
2.98748
3.01138
3.1102
2.91681
3.12013
2.91757
2.81763
3.1405
2.87272
3.00591
2.74895
2.81329
3.13839
2.72437
3.09671
2.82481
2.92678
2.86151
2.9051
2.92013
3.09866
3.00438
2.79513
2.75586
2.85828
3.06078
3.12068
2.78392
2.83886
2.85214
2.98809
2.95499
2.83593
2.85829
3.10736
2.97107
2.8701
3.06376
3.11084
3.09811
2.931
2.89109
2.93713
2.91305
2.97705
2.83858
2.74266
2.88828
2.8364
3.0075
3.0313
2.86793
2.86307
2.96294
2.99398
3.07615
2.83771
2.71833
3.10716
3.05844
3.10895
2.93536
2.95173
2.79762
3.09072
3.05932
2.83454
2.81307
3.01236
3.11171
3.11062
2.84175
3.12938
2.73674
2.83175
2.82854
2.83463
2.78974
2.89627
3.10476
2.82469
3.0115
2.79004
2.74711
3.0332
3.11005
2.72431
2.86431
2.7835
2.76259
2.82823
2.9488
3.08266
2.92915
2.74255
2.8602
3.00021
2.96597
2.79545
2.94726
2.86943
2.83868
2.79519
3.0079
2.7574
2.97625
2.74771
3.00648
3.12678
2.72784
2.89784
3.01596
2.88187
2.77158
2.92122
3.06601
2.88735
2.73974
3.09761
2.79373
2.79377
2.75935
3.0995
3.06686
2.86062
3.09407
2.75009
3.12253
3.04026
2.7332
2.828
3.12208
3.0922
3.06122
2.76138
2.74916
2.76762
2.88108
2.99134
3.10769
2.75584
2.93382
2.89699
3.0034
2.87331
2.94507
2.97389
2.8655
2.83396
2.83999
2.98602
3.05124
3.09555
2.78219
3.01271
2.95377
2.74133
2.7656
2.90752
2.76613
3.01382
3.09099
2.89666
3.04781
2.74489
2.8218
3.11142
2.72723
2.9852
3.01463
2.87951
2.8647
2.87426
3.05382
2.92819
3.09177
2.72175
2.92469
2.84911
3.01818
3.03964
2.99565
3.07109
2.72328
2.76434
2.72225
3.07082
2.78985
2.74233
2.77414
2.75508
3.07705
3.09198
2.77838
2.75887
3.13279
3.05242
3.09552
3.1264
2.75243
2.91523
2.76497
2.73107
2.76862
2.98416
2.73956
3.02468
2.75639
2.98318
2.81548
2.9627
3.07838
2.77677
3.04451
2.95415
2.90811
2.97201
2.84313
3.07862
3.10167
2.72568
2.91491
2.96276
2.83499
2.78439
2.96277
2.86898
2.89559
2.99911
2.96894
2.97789
2.8215
3.11784
2.85577
3.00219
2.73485
3.07039
2.85698
2.80716
2.81063
3.01704
2.72456
3.02446
2.9225
2.77656
3.12937
3.13436
2.75711
2.76108
3.11362
2.76189
2.78593
2.8418
2.87859
2.81405
2.76444
2.82454
2.86512
2.85632
2.76714
2.72107
3.12918
2.74002
2.93696
2.98365
2.99644
3.04678
2.88935
2.91064
2.79372
2.83184
3.09673
2.77062
3.01504
2.95182
3.01031
2.91322
2.72579
2.91562
2.74604
2.87088
2.80791
2.76799
2.77539
2.97202
2.79319
2.9099
2.97601
2.79718
2.94788
3.12519
2.98271
2.81005
3.06966
2.74956
2.72581
2.8633
2.72389
2.74046
3.09257
2.80796
2.89684
2.98919
2.86464
2.87092
2.75378
2.958
3.01628
3.00405
2.99682
3.03565
3.07845
3.05048
3.09408
2.73843
2.86194
3.02225
3.11802
2.74086
2.84712
2.99396
3.132
2.75755
2.76033
2.74792
2.76966
2.98834
2.8304
3.10856
3.01375
2.76151
2.95386
3.02931
2.71955
3.098
2.72703
3.02379
2.83402
3.12604
2.89768
2.90518
3.10251
3.13027
2.85956
2.94919
2.99889
3.056
2.88642
2.96133
2.72964
2.98737
3.06627
2.87256
2.85616
3.12059
2.78905
3.14042
2.74839
2.75591
2.90093
2.90653
2.92871
2.87969
2.96937
2.72461
2.99552
2.71857
2.87121
2.90671
2.72312
3.02111
2.88358
2.73881
3.05618
2.99303
2.90192
2.85441
2.87456
3.01822
2.89887
2.8753
2.89788
3.02672
2.87909
2.86949
2.90876
2.95081
2.98045
3.03183
2.87857
2.99069
2.95766
2.82982
2.87304
3.10863
2.99634
2.99761
2.95402
2.96277
2.84496
2.9607
2.94515
3.12454
2.88813
2.84905
2.83772
2.979
2.7866
3.06721
2.98161
2.72645
2.9695
2.98085
2.82663
2.75131
2.90559
3.04347
3.02246
3.09323
3.09206
3.12216
2.73648
2.91913
3.10738
2.8945
3.05591
2.88368
2.89001
2.74394
2.74422
2.89715
3.08558
3.09042
2.96994
3.13524
2.73245
3.07034
2.92178
3.10542
2.81825
2.97452
2.85115
3.03174
2.76545
2.94505
2.83018
2.99098
2.71888
2.90936
2.71857
2.98074
2.87097
3.03126
2.88036
3.11974
2.80797
2.96273
2.92976
2.78451
3.06384
2.87626
3.12075
2.82412
3.06653
2.87009
2.85303
3.02288
2.73034
2.84978
3.1105
2.75551
3.10443
2.94446
2.95262
2.78052
3.04309
2.72813
2.76116
2.94847
2.85034
2.73121
3.10616
3.05662
3.03719
3.05539
2.83293
2.79872
2.97493
2.88925
3.05464
2.80306
2.82871
2.85466
3.03353
2.97752
2.92634
2.75469
2.74834
2.7625
3.11456
2.89475
2.85859
2.95855
2.79148
2.92435
2.81449
2.86166
3.08843
2.77701
3.04971
3.05031
2.81807
2.81836
3.08082
2.8102
3.12318
2.86195
2.8401
2.92978
2.75092
2.9624
3.02863
2.95087
3.10885
3.088
2.77053
3.11878
2.84727
2.98202
2.86331
2.87537
3.00687
2.97577
3.013
2.97584
2.7787
3.01304
3.07528
2.97678
2.98663
3.02951
2.83639
2.96845
2.98138
2.94594
2.86097
2.75657
3.09368
2.78502
2.86545
3.1221
2.86976
2.78281
2.86759
2.97802
3.1144
3.00633
2.84225
3.05032
3.08673
3.11678
2.73769
3.13397
2.88713
3.02744
2.84439
2.91759
3.12366
2.79656
2.93993
2.88676
2.94549
2.85361
2.76233
2.86212
2.9622
2.90143
2.99334
2.97493
3.1186
2.81711
3.02861
3.06125
2.88205
2.76909
3.00167
2.96893
2.91535
2.96759
2.94477
3.07376
2.91419
3.05922
2.79299
3.08157
2.91575
2.78716
3.04472
3.10514
2.97658
2.91027
2.74546
3.01381
2.90173
3.01984
2.84669
3.10978
2.91413
3.05682
3.09511
3.0472
3.11394
2.83779
2.81831
2.96979
3.03432
2.76032
3.02006
2.99286
2.8576
2.98157
2.89029
2.83543
2.81061
2.83002
2.82239
2.99124
2.87709
3.0032
2.7792
2.76126
2.83954
3.06119
2.80636
3.03357
2.74559
2.78964
2.93348
2.75409
2.93724
2.78899
3.04564
3.02264
3.12147
3.00848
2.92814
3.09191
2.7194
3.00279
2.83013
3.0272
2.85319
3.07969
3.01185
2.78445
3.12538
2.77678
3.14007
2.91423
2.98311
2.88623
2.84977
3.10807
2.87675
2.90393
2.77615
2.9596
2.83784
2.96625
2.93444
3.13029
3.04552
2.99904
2.90464
2.87699
2.9965
3.09652
2.92472
2.81744
2.85947
2.73794
3.01252
2.72852
2.99181
2.74051
2.85766
2.94999
3.06173
2.74253
3.01549
2.75098
3.0359
3.09682
3.1398
2.83774
2.75733
2.84541
2.73738
2.76469
2.83604
3.05124
3.08705
2.88269
2.9534
2.85744
2.73849
2.71836
3.00857
2.79511
2.74542
2.74654
3.03105
2.71959
3.02851
2.74011
3.10151
2.97177
3.03794
3.02173
3.08023
3.07871
2.85134
3.11617
2.8608
2.99229
2.95878
3.11725
2.87958
2.93745
2.75546
2.87502
3.12299
2.91584
2.90453
2.80846
3.08921
2.85226
3.01097
2.86587
2.82081
3.02724
3.1264
2.84428
2.86394
2.73487
2.74511
3.01864
3.04087
2.75694
2.98865
2.90878
2.93303
2.80693
2.83963
2.73393
3.11247
3.11067
2.80682
2.84587
2.97299
2.99209
3.0385
2.73295
3.06591
3.01136
2.75246
2.98757
3.12673
2.72363
2.72371
3.014
3.09082
3.11797
2.72291
3.03568
3.03699
2.92391
2.94573
2.90565
2.73584
3.0555
2.93563
2.87427
2.81138
2.94444
2.91902
3.06154
2.91224
2.72943
3.12839
2.86638
3.08555
3.12273
2.85616
2.83755
3.03511
2.79805
2.88823
2.83585
2.96983
2.83921
2.9868
3.08932
2.97497
2.95978
3.08578
2.80813
2.82471
2.85154
2.72859
3.05117
3.08983
2.93688
3.12738
2.91882
3.00746
3.12881
2.72115
3.11534
3.08442
2.74964
2.87722
3.13193
2.98243
2.87934
2.894
2.81832
3.11139
2.72226
2.99155
2.97669
2.98204
2.98748
2.85988
2.80911
2.78548
2.79012
3.10752
3.00292
2.78523
3.01268
2.77674
2.7943
3.13151
2.92555
3.08154
2.75133
2.97749
2.75492
3.09817
2.86882
2.87997
2.86677
3.01487
2.95883
2.93996
3.07784
2.7738
3.09063
2.74709
2.91704
3.0346
2.86284
2.98377
2.82897
2.77671
3.0334
2.85158
2.79578
2.88562
2.99206
3.12532
3.13562
3.0452
2.99344
2.78873
2.77452
2.97505
2.84092
2.82814
2.83101
2.80475
2.74757
2.77893
2.93787
2.92821
2.76906
2.93011
3.10583
2.78256
2.75236
2.75634
3.02961
2.86471
3.12847
2.97436
3.11595
2.78347
2.85067
2.92251
2.88843
2.74976
2.81671
3.11111
2.74626
2.82228
2.81219
3.01946
2.95941
2.99246
2.82836
2.86499
2.82157
2.97212
3.1338
2.85898
2.73225
2.9728
2.77117
3.13073
2.76294
3.13529
2.74078
2.93954
2.83255
2.97711
2.81929
2.92998
2.9884
2.88021
3.01351
3.091
2.83503
3.10881
3.09253
3.08656
2.99017
2.84201
2.91246
2.96869
2.80215
2.9248
3.03465
2.72407
2.81054
2.83983
2.90048
3.12007
2.90669
2.95746
2.74598
3.13354
2.7745
2.80858
2.84663
2.73465
2.88108
2.86796
3.12404
3.0984
2.74028
2.87267
3.0769
2.82374
2.85522
2.95364
2.92316
2.95114
3.05514
2.72574
3.02692
2.84473
3.11891
2.80568
2.95239
3.05568
2.8862
2.87841
3.01911
3.03308
2.86428
2.91717
2.9063
2.95096
2.94465
2.96715
2.76509
2.87936
3.13819
2.81588
3.02758
2.87439
3.03631
2.90823
2.85764
2.97439
2.9416
2.89254
2.83751
3.10939
2.80981
3.00399
2.83109
2.91496
3.12147
3.01453
3.02032
3.11257
2.81081
2.993
2.97148
2.73658
2.97576
3.00346
2.9954
3.05162
2.71861
2.84696
2.86333
3.02613
2.7525
2.73494
3.11506
3.13705
2.86813
2.80343
2.90889
3.04583
2.85788
3.06276
2.87231
2.78585
2.79331
3.10194
2.80508
2.7824
2.86979
3.1039
3.01798
2.76259
2.92272
2.80024
3.11503
2.83772
3.0366
2.80131
3.03399
2.83704
3.08591
3.13273
2.87049
2.86709
2.96469
2.85068
3.00678
2.9015
3.09144
2.80749
3.06359
2.8636
3.03786
2.73378
3.12489
2.79311
3.07881
2.76831
2.96498
2.94486
2.8178
3.11984
3.09081
2.76003
3.03475
2.86463
2.88293
3.1404
3.00227
2.85608
2.76611
2.76643
2.89511
3.04016
2.9247
2.95891
2.97557
2.94904
2.9445
3.09435
2.75619
2.9468
2.85103
2.99063
2.9118
3.06583
3.1334
2.78511
2.74546
2.83226
2.89637
3.04788
3.01019
2.88658
2.93089
3.13532
2.79397
2.7674
2.88684
2.78185
2.86488
2.75728
2.87604
2.82036
2.81149
2.96371
3.11252
2.93561
3.06801
2.93319
3.11641
3.06626
2.73215
3.07746
2.79947
3.11905
3.13455
3.11785
2.76937
3.1299
2.75661
3.00331
2.80658
2.9061
2.88435
2.83357
2.87531
2.76847
2.91482
3.07946
3.07827
2.93895
3.07675
3.12457
2.74941
2.92625
2.82481
3.03123
2.84855
3.10584
2.91328
3.1395
3.09225
3.13016
2.93536
3.06812
2.91715
3.11067
3.0349
3.02671
3.09353
3.12071
2.81137
2.98946
2.89575
2.76435
2.93264
2.72193
3.13897
2.79135
2.84047
3.00903
3.0726
2.7959
2.83489
2.99265
3.09473
2.76463
3.01006
2.98098
2.775
3.12472
2.91633
2.89114
2.81581
2.82968
2.76555
2.84674
2.82421
2.81717
2.79343
2.84451
2.83282
2.87115
2.73287
2.82117
3.00899
2.75174
2.86703
3.02406
3.07425
2.84748
2.78535
2.72203
2.9427
2.87785
2.86083
2.89196
3.09993
2.78315
3.09609
2.80304
2.76729
2.96229
2.9602
2.91085
2.89942
3.1165
3.04303
2.81859
2.78766
3.10428
2.9894
2.94134
2.92045
3.01353
2.8614
3.03887
3.08493
2.87598
2.87963
2.87701
2.95008
3.07227
2.93971
2.87072
2.94833
3.06494
2.916
2.86914
2.91549
2.78396
3.04666
3.10338
3.08651
2.86124
3.0341
3.13163
2.81973
2.867
2.99546
3.10138
2.77695
2.8521
2.97833
3.09287
2.82243
2.83702
2.93991
2.80731
2.84078
2.98952
2.87199
2.80465
2.93385
3.00091
3.00466
2.80576
2.96533
3.10788
2.85825
2.81658
2.88144
2.83594
2.9207
2.96971
2.79041
3.03232
2.80158
2.98272
2.95763
2.85906
2.95937
3.02875
2.99144
2.83925
3.0623
2.84116
3.13641
2.85622
2.7535
3.12015
2.85453
3.01588
2.7513
2.9831
2.91377
3.1352
2.86432
3.09437
3.01772
2.79213
2.94299
3.1402
2.78256
3.11094
3.07272
3.01764
2.73728
3.05311
3.04315
2.72128
2.87
2.72386
3.10696
2.74232
2.87614
3.13619
3.08746
2.7683
2.88704
3.10867
2.77439
2.89688
2.74481
2.89853
2.98489
2.77715
3.05978
2.92285
3.01033
2.83406
2.80035
2.94031
3.03861
2.77846
2.89612
3.09854
2.92666
2.99879
2.88952
2.97282
2.81395
3.0533
2.77077
3.01186
2.89901
2.74887
2.86983
2.79054
2.91342
2.90824
3.04617
3.08139
3.05994
2.77289
3.07049
3.10351
2.94501
3.1405
3.13411
2.85684
2.80962
3.10906
2.75959
2.9843
2.9829
3.04718
3.01653
2.94766
2.8237
2.8427
2.75422
3.07909
3.08209
2.81049
2.81607
2.78143
2.80547
2.96333
2.95792
2.90379
2.95381
3.12257
3.08965
2.72244
2.90104
2.92757
3.10782
2.95112
3.00999
2.92817
3.13274
3.00147
3.11725
2.77601
2.99804
2.89505
2.95523
3.13307
3.09002
2.87509
2.73229
2.90352
2.73474
2.83041
2.74211
2.7946
3.08817
2.8456
2.87618
3.02773
3.09999
2.87181
3.06177
2.96635
2.90615
2.8245
2.8791
2.808
2.76991
2.99664
2.99555
2.98807
3.12663
2.79465
2.76212
2.80343
3.06944
2.91075
2.81635
3.1146
2.92066
3.02608
2.72719
2.76313
3.12393
3.06443
2.73332
2.83111
2.89426
2.98145
2.80318
3.04282
2.80502
3.04055
3.02152
2.96958
2.97374
2.73319
2.94248
2.90871
3.14155
3.00994
2.79652
2.78767
3.07086
3.04652
3.10425
2.96069
3.13746
2.9511
2.94258
2.89101
3.04782
3.06182
2.82375
2.84021
2.95234
2.97617
3.05248
2.99906
3.12638
2.86096
2.7471
3.12881
2.85903
2.7792
3.02727
2.79183
2.89804
3.05887
2.72527
2.7769
3.05527
2.90923
2.75571
2.74074
2.81711
2.86095
2.94609
2.87394
3.06641
2.74117
3.13748
2.91655
2.80104
2.80995
2.8548
2.83714
2.75997
2.77501
2.88784
3.06382
2.90368
2.98858
2.88981
2.97655
2.8755
2.75544
3.00673
2.83888
2.85378
3.07798
2.84509
2.84505
3.13671
2.79164
2.86102
2.79029
3.11853
3.08118
2.90028
2.89615
3.12897
2.92996
3.10269
3.00892
2.92915
3.03461
2.73323
2.96729
2.80186
3.13606
2.99353
2.97832
3.121
2.72651
3.13704
2.85447
2.91539
2.80107
2.87461
3.05438
2.97165
2.97864
3.03726
2.95093
2.71857
2.756
2.77846
2.87729
3.01995
2.82445
2.98011
2.90493
2.92781
2.9237
3.12197
2.78142
2.87308
3.0096
3.12845
2.74683
2.80357
2.97312
2.89535
3.08075
2.92773
3.09926
2.93421
3.09144
3.12859
2.99373
3.11432
2.82651
2.7629
2.88971
3.01648
3.01159
3.08495
2.80438
2.87639
2.85332
2.79291
2.97491
2.72946
3.14015
2.92852
2.88961
2.75693
2.9678
2.86082
2.87577
3.12478
2.78505
2.77952
3.05477
2.8915
2.87091
2.87914
2.87458
3.01077
2.78457
2.86736
3.02369
2.93647
2.76653
3.02689
2.92256
2.7319
2.73219
2.7699
2.83008
2.98908
2.86744
2.9736
2.81211
2.99876
2.78498
2.9904
2.97077
3.03391
2.7654
3.05671
3.04357
3.07212
2.7341
2.98894
2.7427
3.10516
2.8913
2.84897
3.0649
3.01475
3.00175
2.85389
2.82662
2.93485
2.97947
2.72759
3.02579
2.89579
2.83915
2.92524
3.08334
2.79507
2.8697
3.12633
3.13751
3.13607
2.92299
3.09432
3.13297
2.95918
3.10172
2.83589
2.81908
2.88584
2.94708
2.86026
3.03347
2.76279
2.92364
3.07994
2.94912
3.0154
2.74117
3.04658
2.84146
2.88971
2.775
2.97928
2.99289
3.0068
3.05842
2.7469
3.0177
2.74354
2.99886
3.09269
2.94985
3.01654
2.86535
3.11784
3.01015
3.05727
2.97238
2.87436
2.8049
2.82071
3.09137
3.11579
3.07936
2.82907
2.95976
2.88307
2.75623
3.0397
2.75199
2.86032
3.07689
2.91477
2.92408
2.80827
2.98578
3.10665
2.89029
2.83205
2.90884
3.06026
3.045
3.04092
3.0354
2.8168
2.76953
2.76091
3.00181
2.96193
3.07954
2.75703
2.92459
2.73008
2.87205
2.76393
2.80844
3.0138
2.95214
2.75967
3.05679
3.07967
2.98466
3.10784
2.85595
2.91268
2.75036
3.02497
2.89017
2.807
2.83561
3.13503
2.73698
3.01755
2.96864
2.7769
3.07516
2.79892
2.77516
3.06703
2.9827
2.81349
2.96958
3.05619
2.73531
3.1084
3.0826
3.02036
3.13115
2.94932
3.11412
2.72875
3.05017
3.08387
2.8026
2.7379
2.93439
3.14018
2.80686
3.07436
3.03941
2.78811
2.90188
3.09243
3.0111
2.91451
2.81383
3.13095
2.80616
2.85741
2.90004
2.76025
3.0039
2.94186
2.98061
2.7636
2.7754
2.92917
2.97482
3.06498
2.93718
2.74773
2.78911
3.12762
3.0657
2.90877
2.87501
3.01268
2.78376
2.81584
3.12253
2.87111
2.95982
3.07716
3.07059
3.08929
2.96524
2.79229
2.85091
2.78448
2.86512
2.922
2.84743
3.11185
2.78376
3.03505
2.94965
2.96668
2.93348
2.87449
2.75326
2.74282
2.97386
2.94638
2.95685
2.86543
2.80771
2.89203
2.91165
3.12775
3.12634
2.79161
2.72438
3.04551
3.11534
2.87563
2.82647
3.11929
2.8922
2.98775
2.97711
3.06499
2.7808
2.96256
3.00453
2.86684
3.09042
2.92943
2.97475
3.03187
2.81945
3.07599
2.99937
2.79496
2.8244
2.89523
2.88126
2.80536
2.99585
2.72927
3.02367
3.08915
2.7634
2.74433
2.89716
3.1387
3.07427
3.00327
2.95096
2.77461
2.84862
2.98126
3.04746
2.77098
2.9747
3.10385
3.07411
3.13958
3.03304
2.8411
3.08949
2.88138
3.03759
3.07256
3.0971
2.92937
2.73416
2.97273
3.11987
2.78599
2.95974
2.72979
3.13926
3.12401
2.77403
2.78013
3.10736
3.08111
2.81515
2.92333
2.90103
3.07495
2.92111
2.75662
3.10333
2.74254
2.98681
2.84975
2.99831
2.94714
2.73497
2.99144
2.88172
2.98289
2.91729
2.77507
2.85175
2.95787
3.13482
2.87449
2.96157
2.81583
2.82681
3.13219
3.07975
3.12487
2.72761
2.90649
2.9036
2.83627
3.12126
2.93062
2.98695
3.1173
2.95696
2.86282
2.91552
2.74863
3.13419
3.06671
3.0647
2.95615
3.07897
3.02687
2.76666
3.08597
3.01694
2.97244
2.76022
2.77609
3.03054
3.00882
3.07652
2.89467
2.90618
2.90385
2.88627
2.94202
3.00387
2.96964
2.90916
3.00602
2.78776
2.97051
2.90387
3.10669
2.72172
3.10677
3.13102
2.97624
3.10771
2.96443
2.76997
2.78666
3.05983
2.79996
3.06457
2.84027
2.89706
3.03052
2.8468
2.84003
2.99624
2.81622
2.91376
3.02229
3.0129
2.95105
2.93433
2.94365
3.13186
2.89386
3.01185
2.99151
2.78055
3.04922
3.02492
2.84029
2.98483
2.75876
2.7891
2.7817
3.13012
3.05323
2.86779
2.80517
3.11375
2.73882
3.1065
2.98185
2.81269
2.85463
2.91244
2.80138
3.09192
3.02685
2.77993
2.96782
2.73008
2.89807
3.12181
2.98409
2.81213
3.00301
2.86744
2.93692
2.76584
2.95143
2.91653
2.91997
2.88514
2.87457
3.13253
3.09865
2.92149
2.97318
3.04156
2.95979
3.04146
2.96444
3.08643
2.84189
2.73082
2.85934
2.98109
2.83574
2.93368
3.12916
3.00986
2.88116
3.11394
2.90667
3.13204
3.12231
2.87458
2.74484
3.01807
3.08033
2.98796
2.87129
2.99329
2.83652
2.877
2.94781
3.01123
2.99976
2.9114
3.06091
2.72448
3.11995
3.14049
3.1054
2.94565
3.04007
2.7531
2.94726
3.03036
2.98068
2.86594
2.92759
2.75381
2.76561
2.9454
2.92561
2.76811
2.86196
2.72338
2.87254
3.09118
3.13874
2.94857
2.72351
2.92519
3.09205
2.82503
2.81597
2.77303
2.97624
2.80782
3.13109
2.94929
2.84916
3.09532
3.04015
2.74045
2.75299
2.89405
2.73355
2.85101
3.0664
3.05397
2.92223
3.08512
3.05746
2.82254
2.81299
2.79371
2.95
2.97656
2.85304
2.79178
3.06146
2.79115
3.06616
2.76109
2.91981
2.72603
3.01898
2.87715
3.07026
2.98958
2.99578
2.97414
2.97304
2.93685
2.74091
3.06269
3.09751
2.90318
2.79194
3.05434
2.77869
2.988
3.02353
3.07086
2.87466
3.082
3.13182
2.85219
2.85729
3.01155
2.96114
2.95828
2.76527
2.77049
2.9774
2.92786
3.03461
3.1323
2.76374
3.0217
3.11124
3.10074
2.90844
3.03932
2.99304
2.8916
2.91377
2.94848
3.12424
3.13951
2.84892
2.77373
3.10941
2.89006
2.83358
2.74945
2.8537
2.94841
3.02384
2.83225
3.09053
2.80197
2.87547
2.79534
2.86821
2.79278
2.83559
3.03711
3.04486
2.92225
3.08111
3.00978
2.85777
3.13527
2.96782
2.79927
3.01783
3.04046
2.96156
2.91748
3.10237
2.75272
3.08878
2.72588
2.99559
2.87753
2.8068
2.96318
2.90359
2.89382
3.02773
2.74343
3.0367
2.85624
3.09625
2.71992
2.77213
3.03124
2.81751
3.13384
3.12455
2.7467
3.05012
3.01976
2.97891
2.74575
3.06679
2.91824
3.09155
2.86373
3.09392
3.07657
3.07449
2.78182
2.83726
2.80509
2.97686
3.09216
3.12332
2.83544
3.06557
2.94781
3.06178
3.01071
3.0944
2.82829
2.90534
3.05527
3.12977
2.82377
2.71929
3.04587
2.82652
2.76604
3.05754
2.77371
2.76739
3.01693
3.09791
2.97415
2.87302
3.11629
2.89218
2.85295
2.88739
2.83457
2.84217
3.11948
2.85542
2.94394
2.76553
2.95083
3.12637
3.01251
3.03765
2.93276
3.07072
3.02537
3.02701
3.08086
2.97051
3.06974
3.06198
3.04494
3.07336
2.98189
2.86006
3.12069
2.72485
3.07335
2.85
2.79996
2.9454
2.89773
2.83271
2.76561
2.82915
2.94813
3.03493
2.8702
2.82077
2.8025
2.91965
2.84362
3.07315
2.99334
2.86245
2.81526
2.92527
3.11233
3.02601
3.01419
3.11967
3.12068
3.02495
3.13319
2.75763
3.09689
2.72901
2.77812
3.07677
3.03309
2.86565
3.02039
2.99509
2.74567
2.88034
3.04945
2.74243
2.86631
2.8442
2.98134
2.78369
2.83093
3.06348
3.04826
2.91917
2.81523
3.02971
2.95884
2.84262
2.72804
3.09061
2.91953
2.84767
2.76806
3.09473
3.0265
2.86679
3.00857
2.98767
2.99423
2.92599
3.05771
3.13938
2.94319
3.12265
2.81377
2.8611
2.97196
2.7785
3.09515
2.82376
2.92624
3.01045
2.78851
2.91385
2.84541
3.12047
2.84133
2.93831
2.72199
3.11603
3.00045
2.87305
2.85113
2.83022
3.13689
3.12849
2.74453
3.12314
3.13386
2.77039
3.12888
3.02038
2.74444
3.04655
2.90005
2.92744
3.0895
2.99735
3.0215
2.74622
2.87214
3.1352
2.77729
2.88994
2.81183
2.71849
2.91938
3.01633
2.90444
2.72169
2.84603
2.85578
2.8048
3.00605
3.13544
2.76191
3.13836
3.02326
2.74846
3.03875
2.88483
2.73747
2.94518
2.8613
2.85909
3.084
3.06505
2.73723
2.88004
3.13372
2.77063
2.72418
2.82966
3.03761
2.90648
2.97671
2.74897
2.8761
2.85497
2.97802
2.77474
2.77844
2.75288
3.03505
2.76651
2.89935
3.01129
3.00658
2.99347
3.01972
3.00126
2.99353
3.04565
3.03294
2.91173
2.93789
2.84284
3.02461
2.81045
2.75836
3.03743
2.91733
2.94527
3.09912
3.09272
2.72842
2.90008
2.99362
2.99383
2.77162
3.06967
2.83252
2.83592
2.96367
3.10117
2.76438
3.05215
3.04599
3.08962
3.08639
2.96806
2.99824
2.8954
3.06195
3.08113
2.88472
3.02774
2.74523
3.11095
3.03441
3.05336
2.79181
2.78394
2.83629
2.84219
2.95356
2.84958
3.03778
2.87289
2.90358
3.0614
2.77478
3.03451
3.09097
2.72781
2.76241
3.07918
3.1274
2.88517
2.75486
3.04316
2.89504
2.77316
3.05614
2.90808
2.81214
3.12679
2.89692
3.11653
2.81778
3.12411
2.79297
2.83305
2.72888
2.92794
2.73161
3.11245
3.06358
3.07372
2.8322
3.10755
2.95978
3.01312
2.94119
3.05543
2.74976
2.99514
2.95472
3.00081
2.91137
2.81577
2.7638
3.13191
2.95837
2.81502
2.99214
2.91249
2.85203
3.01847
2.90462
2.93157
2.90093
2.79375
3.12883
2.77905
2.84471
2.96271
3.08662
2.89859
3.02989
2.92607
3.08068
2.84267
2.76247
2.81897
3.1352
3.08458
3.09411
3.13824
3.07583
3.06164
2.80521
2.84179
2.74335
2.92011
2.97499
2.88954
3.07935
2.74989
2.73509
2.91373
2.88867
2.98816
2.97068
3.04537
2.73682
2.74742
2.95708
2.97041
2.94126
2.86325
2.79538
2.9093
2.87526
3.11676
2.98829
2.78789
3.12503
2.7332
3.01006
2.82319
3.10572
2.8755
2.97298
3.0185
3.00882
2.8256
2.92234
2.77288
2.96709
3.10084
2.97772
2.74074
2.95403
3.13668
2.78884
2.77608
2.83685
2.96328
2.7844
2.72942
2.90973
2.79802
3.00581
2.9449
3.06928
3.11348
2.79085
2.78446
2.72744
3.10327
3.09991
3.03415
2.9542
3.04113
2.74132
2.76639
2.96822
2.80162
2.97288
2.91064
2.94224
2.95905
2.73119
2.90157
2.74814
3.00054
2.90431
2.92285
2.95199
2.76748
3.0196
2.81927
2.96425
3.04134
2.80905
2.96603
2.94119
2.78789
2.85749
2.84093
2.85585
2.72433
2.82923
2.79337
2.95058
2.78197
3.08219
2.94942
3.05674
2.83748
2.89208
3.14089
3.10014
2.93626
2.95872
2.77116
2.76625
2.83682
2.89461
3.01318
2.83486
2.90098
2.91212
3.10356
2.75999
3.04752
2.85082
2.77852
2.7504
2.82297
2.88914
2.8983
2.85998
2.8183
3.13417
2.94677
2.84631
2.86935
2.91746
2.74409
2.82743
3.08203
2.85108
3.07504
2.8925
2.9054
3.08869
3.11855
2.97749
2.74021
2.94478
2.75518
2.80438
3.1057
2.78338
3.02935
2.9291
3.01987
2.84431
3.06722
3.13682
2.85272
2.97538
3.11295
3.11899
2.80663
2.88172
3.11402
2.7544
3.11831
2.92614
2.84128
2.96048
3.13428
3.13358
3.09212
2.88679
3.12724
2.75681
2.80478
2.92331
3.09965
2.97123
3.08782
2.84721
3.04104
3.00301
3.04472
2.95065
3.08319
2.72011
2.75223
2.85691
3.02777
2.78449
2.92618
3.0262
3.01878
2.82396
2.95199
3.10305
2.87892
2.90473
3.01388
2.95432
3.08712
3.02056
2.77147
2.95858
2.90568
2.88263
2.71853
2.74046
2.96696
3.00385
3.08995
3.05406
3.11916
3.00692
2.79442
3.09601
2.79873
2.72435
2.71958
2.85402
3.11112
3.08247
3.05987
2.72491
2.88835
2.86077
2.89688
2.8736
3.08145
2.78114
3.02334
3.01603
3.00802
2.95855
3.12707
3.11271
2.72792
2.81442
3.01945
2.97751
2.80715
2.75338
2.8823
2.78175
3.06648
2.96961
2.77867
2.72027
2.7221
2.75605
2.89468
2.78086
2.84706
3.05497
2.93958
2.81677
2.92245
2.73284
3.11761
2.85494
3.04139
2.91368
2.72641
3.09524
2.97421
3.0274
2.84439
3.03178
2.77282
2.77307
2.79525
3.04392
2.90619
2.85455
2.76701
2.74458
3.03322
3.10936
3.06378
2.72091
2.72698
2.72828
2.86402
2.83354
2.77442
3.11601
3.12264
2.86939
3.01188
2.76717
2.92249
2.86235
2.92521
2.80696
3.10471
2.97114
2.7881
2.77357
2.74469
2.75433
2.85047
2.72833
2.98756
3.07643
3.11152
2.85223
2.9157
2.84059
3.09192
2.72899
2.73098
2.7348
2.77256
2.94896
3.01153
3.14032
3.05369
2.85167
2.95016
2.73101
2.74557
2.72159
2.85825
2.75805
2.95345
2.96158
2.91523
2.74785
3.05696
2.75976
3.07326
3.1278
2.75929
2.83625
2.73859
2.92649
3.06275
3.11149
3.13779
3.02942
2.99719
2.91938
2.92201
2.93071
2.94071
3.08645
2.7784
2.83454
2.80896
2.79
2.94111
2.81139
2.86028
3.06449
2.78524
2.99217
3.08085
3.04397
2.87352
2.94334
2.99863
3.02503
3.06108
2.76996
2.78002
3.0493
2.98413
2.95406
3.08801
2.86211
2.98442
2.93474
2.94545
2.95815
2.97467
3.02895
2.83631
3.12956
3.12829
3.04038
2.75046
2.98234
2.99507
3.02236
3.02567
2.74233
2.7821
3.01727
2.83725
3.0342
3.06377
2.97914
3.02062
2.95229
2.9385
2.97951
3.09748
3.11778
2.90268
2.82384
2.79374
2.78993
3.10107
2.95666
2.73445
2.93817
2.72729
2.94972
2.89458
2.9547
3.07096
2.73832
2.81005
3.03287
3.12599
2.84467
2.76757
2.83453
3.10842
3.04767
2.95005
3.10529
2.90703
2.76406
3.07082
2.99031
3.04199
3.10373
3.01143
2.85397
3.08975
3.03616
2.75668
3.02282
2.81597
3.04314
2.8597
3.11609
3.00344
3.12147
3.10944
3.09614
2.99493
3.02711
2.86786
2.72134
3.02542
2.90949
2.93354
2.99736
2.87304
2.99201
2.88462
2.8068
3.06766
2.94668
2.75738
2.9776
2.81551
2.7714
2.74759
2.93198
3.03754
3.113
2.76134
2.72082
2.9592
2.97537
2.77195
2.78096
3.0124
2.76538
3.0018
2.93117
2.95121
3.04297
2.93425
2.91865
3.04504
3.09432
2.78726
2.75408
3.08347
2.89193
2.85562
3.04437
3.09015
3.01937
2.86809
2.76848
2.73062
3.02376
2.73614
3.1076
3.00217
3.04057
2.92179
3.01948
2.92102
3.06244
3.03694
2.89879
2.87867
2.84652
2.80106
3.07771
2.96323
3.11281
3.11586
2.99969
2.76759
2.98285
2.83862
2.99338
2.8438
3.01013
3.09865
3.02471
2.8298
2.8689
3.12821
2.80213
2.85525
2.88455
3.09825
2.9942
2.96561
3.00867
3.01121
2.82882
3.08591
3.13957
2.77894
3.07306
3.12016
2.98037
2.76994
3.00287
2.90425
3.12022
2.89728
2.80072
2.75345
2.82243
2.85823
2.80011
2.97376
3.1111
3.01387
2.96243
2.84021
2.99001
3.04022
3.05255
2.93472
2.95258
2.91859
2.77916
3.10145
2.88165
2.75954
2.96228
2.88313
2.77847
2.95898
3.11936
2.82429
2.90707
2.84318
3.08813
3.05935
3.03362
2.89172
2.94103
2.78229
2.90263
2.75441
2.87992
2.74846
3.12883
3.01194
3.12346
2.85077
2.83739
2.92123
3.0582
2.80116
2.75782
3.03374
2.85776
2.72484
3.01776
3.1283
3.07261
3.07059
3.13125
3.06272
3.04129
2.88006
2.93172
2.793
2.97897
2.9576
3.13659
2.79572
2.83089
2.93504
3.07499
2.7335
2.98898
2.95848
2.83076
3.07491
2.77353
3.04526
2.94388
2.85484
3.07128
2.88226
3.08257
2.72014
3.1033
2.84336
2.88462
3.12861
2.87015
2.93034
2.74773
2.7255
2.8315
3.02029
2.72188
3.09173
3.00948
2.90151
3.07494
2.87438
2.93838
3.12273
2.73554
2.89719
2.92737
2.91461
2.78496
2.76683
2.89931
3.01841
2.79805
3.13797
2.79754
2.83707
2.72922
2.8687
2.87525
2.75142
2.73813
3.09247
3.02147
3.01113
2.93225
2.83195
2.99372
2.78385
2.85857
3.11925
2.93526
2.93026
3.0077
3.12031
2.91376
2.84715
2.86238
3.13307
2.94996
3.06244
2.99576
3.051
2.95467
2.75695
2.89351
2.8232
2.98718
2.92815
2.93001
2.89172
3.0168
2.75983
2.74685
2.89871
3.11077
3.14022
2.72412
2.83734
3.13934
2.71963
3.09308
2.96097
2.72088
3.07755
2.81033
3.03043
3.01156
3.02883
2.78442
2.99351
2.76652
2.8332
2.88174
3.06277
2.93959
3.01936
3.01574
3.095
2.79048
2.80141
2.95183
3.1088
2.71863
2.73848
3.11267
2.99254
2.86208
3.07605
2.7664
3.04184
3.10742
2.82439
2.80205
3.01903
2.80769
3.09711
3.07583
2.84799
2.97686
3.12095
3.11243
2.9208
2.84165
3.11913
3.02854
2.84162
2.88029
3.05552
2.73712
3.00602
2.79258
3.00431
2.75444
3.05296
3.0945
3.12307
2.88019
2.84937
2.84799
2.85383
2.97289
2.97064
2.97199
2.92347
2.74285
2.74545
3.10471
2.77345
3.0856
2.95557
2.8428
2.90894
2.76086
2.8091
2.92401
3.08747
3.00865
2.80664
3.10772
2.98187
2.93528
3.00747
3.09061
2.90084
2.86805
2.8684
2.8886
2.85968
3.13393
2.85442
2.78887
2.83699
2.73725
3.12638
2.80918
2.89295
2.77039
2.8598
2.81532
2.74955
2.87926
3.13784
3.1172
3.08804
2.86725
2.99062
2.96816
2.85511
2.97845
3.14045
3.05438
3.07322
2.93765
3.01195
2.87466
2.91082
2.82218
2.77509
2.75656
2.91847
3.04955
2.75595
2.8915
2.7228
2.97516
2.80555
3.01074
3.03531
3.06247
3.02559
3.08076
3.02476
2.83874
2.96325
2.7306
2.77318
2.864
3.06973
3.01561
2.88266
2.97102
2.93715
2.77743
2.99443
2.86031
2.80932
2.99188
2.71834
2.86846
3.03878
2.75686
2.7492
2.88534
2.95593
3.07464
3.09361
3.0784
2.74598
2.92065
2.97276
3.11428
2.78801
2.81928
2.98026
2.9765
2.95211
2.89856
3.04753
2.89656
2.72313
2.85997
3.12013
3.11899
3.03177
2.9634
2.75946
3.05312
2.78619
2.97873
3.08263
3.13944
2.75441
2.95459
2.86256
2.90023
3.07345
3.07797
2.91153
2.9988
2.86796
2.76167
3.10586
2.98986
2.92902
2.81219
2.93265
2.75431
2.76663
2.82153
2.96724
2.89537
2.76939
2.93377
2.7632
2.98207
3.04122
2.89406
3.03609
3.12713
2.97742
2.97748
3.12765
3.02484
3.06342
3.09434
2.83809
3.07574
3.00879
2.96081
2.89761
2.92531
3.12768
2.95885
2.93154
3.00126
3.10226
2.94092
2.77583
3.00966
2.76663
3.09588
2.85085
2.85571
2.99739
2.97593
2.95332
2.84351
3.08862
3.1298
3.04133
3.10923
2.94637
2.8874
2.88525
2.92137
2.73437
2.87865
3.06059
2.99245
2.92883
3.12208
2.97929
3.12896
2.74904
3.13662
2.98489
2.77232
2.86623
3.0806
3.11662
2.74166
2.84491
3.09386
2.84765
2.89875
3.11424
2.73584
2.99963
2.89926
3.07503
2.96953
2.95506
2.79088
3.05008
3.03614
2.91939
2.84121
2.79396
2.91377
2.84792
3.13843
2.95764
3.13697
2.92068
2.90677
2.72402
2.93728
2.79695
2.75761
2.98025
3.0378
2.90587
2.95422
2.90851
3.04109
2.7552
3.03431
2.86864
3.10368
2.8056
2.75263
2.74083
3.06388
3.03152
2.83629
3.00541
2.74907
2.95216
2.96825
3.12861
3.04762
2.89847
3.10902
3.0895
2.9272
2.91457
2.94533
2.94036
2.78365
2.83769
2.98564
2.92464
2.89967
2.92305
3.04967
3.00194
3.13131
2.88847
2.86111
2.87867
2.7367
2.91768
2.85112
3.10236
2.91583
2.98843
2.89692
2.79146
2.99257
3.1155
2.76787
2.96336
3.093
3.08983
2.90588
2.90125
3.10365
2.86882
2.87456
3.09356
2.74892
2.78825
3.05022
2.94643
3.13403
2.94666
3.13689
3.03638
3.0733
2.96601
3.11637
3.07846
2.74247
2.77681
2.79936
2.72165
3.03488
2.72958
3.01671
3.0475
2.85807
3.10803
3.09506
3.00108
2.75796
2.72538
3.0966
2.88221
3.07849
2.88223
3.1043
2.74636
2.86577
3.13312
2.91617
3.09756
2.87902
2.7871
3.07076
3.06048
2.80735
2.95018
3.11056
3.12898
2.90507
3.0379
2.99867
2.7729
3.04305
2.79837
2.87155
2.72253
3.11974
2.74602
2.9911
2.94251
2.89074
3.07834
2.83799
2.80005
2.95059
3.10687
3.05884
3.08947
2.73613
3.06807
2.87291
2.86534
3.09371
3.08901
2.9838
2.91551
2.73993
3.13802
3.07489
3.09907
2.7343
2.81538
2.81874
3.13534
2.72333
3.02177
2.92767
3.06746
3.0339
2.98736
2.84685
2.88652
2.89363
2.84864
3.01256
2.94946
3.11341
3.07612
3.1042
2.82837
2.8199
3.01779
2.97376
3.1345
2.78
3.13248
3.05136
3.14043
2.94902
2.91799
2.90538
3.09217
2.98847
2.84555
2.90017
2.80162
2.88171
3.03498
3.03923
3.01738
3.04512
2.89463
3.11885
2.868
2.80475
2.92446
3.00623
2.81522
2.7805
3.12106
3.06894
3.08679
3.01326
2.74458
2.89163
2.84376
2.79117
3.05669
2.8306
2.85225
2.84867
2.78197
2.73945
2.75547
2.85256
2.95302
2.94677
2.95182
2.832
3.04139
2.96726
2.85956
3.12864
2.8339
3.00214
2.75418
2.88453
2.7555
2.98668
2.9585
2.89303
2.85563
2.96572
3.06734
2.94354
2.77571
2.76861
2.83033
2.82122
2.73099
2.72983
2.96056
2.73696
2.92406
2.87463
2.72151
2.84878
3.03067
3.11401
2.85413
2.74752
3.06847
2.94425
2.84778
3.02413
3.00139
2.7278
2.81427
3.02045
2.88508
2.98202
3.04424
3.02371
2.95105
2.89625
2.76792
2.79421
2.96756
3.09304
2.74262
3.08103
2.77004
2.904
3.0344
3.09809
3.11926
2.73313
2.86741
3.10215
2.90733
3.14087
2.83128
2.73107
2.98005
3.12133
3.10838
2.80069
3.08455
3.12045
2.86339
2.9006
2.74569
2.98591
2.73734
2.87469
3.12213
3.04788
2.84983
2.90725
2.95759
3.06964
2.74927
2.76198
2.77352
3.0158
3.03448
2.81694
2.97329
2.97652
3.10702
2.99609
2.96851
3.10436
3.1336
3.06047
2.86313
2.99263
2.87517
2.73497
2.74449
2.84047
2.71933
2.88613
2.72656
3.05251
2.93463
2.74409
2.92205
2.97169
3.04762
2.87359
2.82503
2.84937
2.7888
2.84056
3.02628
2.91908
2.87558
2.85324
2.86809
3.01722
2.97777
2.74351
2.74279
2.85579
2.86858
3.13034
3.11008
3.07687
2.73597
3.10224
3.08109
2.80289
2.98521
3.01262
2.85694
2.876
3.03241
3.01295
2.91923
3.05078
2.81644
3.05574
2.98379
3.01478
3.05847
3.11371
2.98792
2.8808
2.97947
2.81116
3.06941
3.03483
2.88934
3.13956
3.10233
3.09434
3.01322
2.73476
3.00911
2.74268
2.75937
2.78557
2.90776
2.90881
3.07666
3.08493
2.99586
2.78889
2.8147
3.01847
2.84856
2.75459
2.90989
3.01664
2.72441
2.79493
2.9172
2.80189
3.00269
2.73667
2.87163
3.02144
2.89706
2.73324
2.75847
2.78298
2.92048
3.07078
3.05953
3.02802
2.9633
2.98098
2.94163
2.88113
2.96573
2.80935
3.10369
2.81903
2.97675
2.86757
2.73892
2.93987
2.84906
2.94722
2.86137
3.12688
3.00006
2.91693
2.88905
2.73538
2.8979
2.73577
2.82865
2.75647
3.07302
2.82076
2.81873
2.77947
2.73222
3.02715
3.04362
2.91114
2.93553
2.97662
3.04391
2.81008
3.00061
2.93567
2.87901
2.73328
2.80389
2.9003
2.77718
2.90746
2.94376
3.13537
3.01041
3.01654
3.09318
2.86879
2.9524
2.8135
2.83189
2.98523
2.86508
3.04386
3.05881
3.099
2.74039
2.94259
2.87178
2.78972
3.09946
2.92116
2.76056
2.9839
2.72344
2.97089
3.06196
3.02405
3.1248
2.95996
3.10925
3.12989
2.92817
3.05895
2.86457
3.00765
2.99294
2.8514
3.05005
2.79751
2.8146
2.99422
3.01171
3.12208
2.73696
3.09169
2.77086
2.87132
2.93251
2.94644
2.832
2.73403
2.92688
2.72082
2.97916
2.88147
2.97327
2.83228
3.04967
2.78709
2.80209
2.88769
3.06971
3.1286
2.89447
3.11995
3.11372
2.98254
2.85749
2.80908
2.95959
2.77039
2.86561
2.97921
2.82285
2.96965
2.87191
2.78913
2.74654
2.76865
2.99296
2.72315
2.79459
2.75245
2.95533
2.99761
2.83992
2.84508
3.09769
3.01806
2.90052
2.88373
3.12541
3.09306
3.08136
2.86793
2.78529
2.93157
2.79763
3.07229
2.7821
3.11387
2.76979
2.86611
2.71874
3.01216
2.99265
3.01133
2.96143
3.01401
2.74373
2.95796
2.76281
2.87652
2.89227
3.10087
3.10341
2.94098
3.10417
2.93585
3.04985
2.95793
3.02674
3.11055
2.85665
2.78477
2.77178
2.94797
2.92632
2.89845
2.7394
2.8786
2.9694
2.78739
2.8395
2.98683
2.82445
2.92902
2.75707
2.9107
2.98155
3.00981
3.06018
2.91155
2.91642
2.99273
3.0269
2.84064
3.11997
2.81829
2.94509
2.90119
2.77765
2.95989
3.12534
3.10915
3.06062
3.00039
2.72673
2.79373
3.00702
3.08638
3.01707
3.08089
3.05316
3.10467
2.82918
2.82964
3.12352
2.97458
2.84431
3.08746
2.95988
2.98533
2.80169
2.84622
3.00446
2.75514
3.13772
3.09954
2.89892
2.8615
3.07907
2.98732
2.80366
3.11212
3.08107
2.79613
2.86262
2.91612
2.72249
2.93053
3.1107
3.13181
2.86882
3.11994
2.76574
2.88696
2.73219
2.83836
3.04909
3.08788
2.85699
3.12026
2.98848
2.90707
3.10034
2.87517
2.7263
3.03492
2.73397
3.13566
2.81236
3.03917
2.79876
2.85813
3.09973
3.08348
3.05104
2.97007
2.82886
2.83731
2.91276
2.77819
2.72297
3.02176
2.96105
2.87262
2.83569
2.94659
3.05795
3.03987
2.87285
2.99888
2.94475
2.76303
3.03008
3.11349
2.81812
3.1043
3.14115
3.13728
3.09523
2.85256
2.99578
2.93325
2.77898
2.86436
2.83488
2.77436
2.85221
2.99655
2.77107
2.77528
2.98753
2.95663
2.94685
3.0974
3.07574
3.1232
2.86856
2.88248
3.00255
2.91005
2.85634
2.99505
2.97372
2.82061
3.00939
2.96814
3.12502
3.13304
3.02637
3.04206
3.03613
3.1302
3.02778
3.10825
2.82479
2.78293
2.72482
3.05757
2.88605
2.99662
3.11565
2.88681
2.94672
2.9514
2.83157
3.07434
2.80537
2.92278
2.72778
3.06745
2.96572
3.1203
2.97759
2.78075
2.8255
3.1373
3.1092
2.78573
2.74843
2.748
2.74369
3.12063
2.8316
3.1091
2.90076
2.96146
3.10754
2.80083
2.85691
2.99084
2.84579
2.89858
2.95557
2.80151
3.03986
2.84512
2.80092
2.73507
3.13999
2.86696
3.03115
2.89211
3.08388
2.79863
3.0754
2.90753
3.00985
2.87765
3.12751
3.11094
3.10239
2.98717
2.88764
2.78218
2.77079
3.08028
3.04694
2.73014
2.79479
2.80132
3.14061
2.88507
2.7401
3.13746
2.88268
3.11112
2.92093
3.03422
2.96697
3.05406
2.83525
2.84475
2.7706
3.01805
2.99675
2.83275
2.89521
3.00243
2.99814
2.96574
3.03319
3.06334
3.09306
3.11846
3.0975
2.78751
2.75502
2.93751
2.75738
2.72332
2.80587
2.94449
2.79373
2.92124
3.10154
2.91552
2.99874
2.89701
3.02384
3.10648
3.12328
3.12167
2.84704
2.7366
2.91043
2.85272
2.93307
2.86688
3.05613
2.92439
3.08376
3.06968
3.03902
2.99982
2.8454
3.01476
3.07865
3.13116
3.06984
2.97519
2.98705
3.06356
2.72329
2.72231
2.88909
2.91091
2.90678
3.07118
3.04071
2.82005
3.13598
2.96136
2.87383
2.99079
3.11726
2.74627
3.04603
2.90119
3.01565
2.76927
3.05342
2.90996
2.73412
3.04902
2.97077
2.92224
2.8991
2.85501
2.92424
2.96098
2.7569
2.79599
2.80104
2.88862
3.11483
2.76697
2.96993
2.92988
3.12711
2.98427
2.73968
3.04524
3.01014
2.99182
2.9719
3.10065
3.11897
2.88781
3.02225
2.81373
2.96233
2.87687
3.08298
3.02515
2.95323
2.85066
3.1322
2.836
3.13248
3.06954
3.0591
2.98735
2.82095
3.08972
3.01169
3.01669
3.02072
2.76822
2.96084
2.72603
3.07893
2.97804
3.0798
3.0742
2.89396
3.04951
2.89871
2.87437
2.90236
2.8068
2.98971
2.86377
2.91476
2.82659
3.01827
3.03411
2.94154
2.77072
2.97467
2.73219
2.86892
3.07488
2.89427
2.93288
3.0106
3.09335
2.84038
2.81362
2.86231
3.11396
2.90224
2.88777
2.73044
2.75184
3.0788
2.94734
2.79757
3.05118
3.01024
2.98762
2.73384
3.03781
3.13326
2.95399
3.11258
3.05397
2.93752
2.74917
2.88155
2.87216
2.98988
2.98077
2.90871
2.82622
3.09529
2.77465
2.72278
3.01618
2.89128
2.77041
2.82034
3.0629
3.07065
3.00798
2.84443
2.78264
3.13855
2.89092
2.79884
2.97927
3.13536
2.89613
2.98465
2.83277
2.97826
2.75143
2.85974
2.73642
3.05224
2.85219
2.90463
2.73771
2.75161
2.90225
2.83553
3.01152
2.80281
3.09513
3.04688
2.74567
2.84101
2.98503
2.9574
3.14136
2.88754
2.89969
2.93325
2.87046
3.09952
2.75549
3.08839
2.95704
2.80307
2.81863
3.13816
3.12982
2.94222
2.91321
2.82558
3.04483
3.07571
2.81567
2.96954
2.81783
3.08031
2.84743
2.95537
2.90906
2.96543
2.96993
2.84452
3.01752
3.06965
2.7484
3.09302
3.02208
2.88847
3.01462
3.07898
3.07594
2.82527
2.90583
2.7435
2.73727
2.91512
2.75818
2.87266
3.13263
2.74247
2.88392
2.90206
2.81271
2.94662
3.13297
2.72909
2.76242
2.94638
3.06363
2.93356
3.01809
2.97162
2.87692
2.90431
3.02703
2.87047
3.10959
3.10936
2.85531
3.03672
2.82838
2.98055
2.93848
2.97569
2.92249
2.73794
2.82273
2.92308
2.91965
2.90788
3.13181
2.90343
3.01073
2.91397
2.84808
2.94547
2.77341
2.87296
2.81168
2.94083
2.7546
2.94538
2.76922
3.02087
2.7238
3.02304
2.9511
2.98122
2.93265
2.81314
2.98333
2.85635
2.79374
2.72808
2.83507
3.02262
3.04784
3.06683
2.84036
2.88025
3.03463
3.02567
3.04986
2.79219
2.97597
3.0704
2.87543
2.86681
2.87761
2.92175
2.72654
3.07189
2.86386
2.74035
2.9937
2.72902
2.91504
2.80048
2.95267
2.92067
2.88844
3.02547
2.9206
3.03069
2.86965
3.08985
2.92395
3.12815
2.7245
2.82896
3.03376
2.81181
3.00141
2.99163
2.75347
3.04592
2.81829
2.94809
2.75196
2.8071
2.96177
3.05517
2.8544
2.89072
3.11782
2.74545
3.04804
3.05355
2.935
2.74451
3.00744
2.7985
2.89336
2.7351
2.87317
2.94863
2.95843
3.07522
2.95625
2.8625
2.78774
2.90981
3.07178
2.96482
2.8489
2.75716
2.83107
3.08876
3.01757
2.7514
2.89993
3.05925
2.83941
2.84766
2.77796
2.92353
2.94561
2.79771
2.80845
3.00521
3.08741
2.89849
3.10088
2.84773
2.73161
2.93392
2.82302
2.97439
2.92265
3.12831
3.11487
3.1211
2.80846
3.12393
2.79415
3.07728
2.92731
2.9625
2.86682
2.96683
2.77332
2.80701
2.89582
3.13931
3.05289
2.7657
2.93814
2.91436
2.94153
2.84797
2.75993
2.97665
3.00288
2.86873
2.94895
3.12403
3.14085
2.87242
3.10277
2.9196
2.85323
3.0912
2.8121
2.88156
3.07309
3.00328
2.82651
2.95713
2.99601
3.1088
3.05597
2.93194
2.96506
2.7234
3.06437
2.76218
2.89156
2.95124
2.73318
2.96051
3.03993
3.1301
2.99372
2.93954
3.11975
3.07904
2.78518
2.79851
3.01415
3.11889
2.95169
2.73274
2.71946
3.11605
3.09555
2.76242
2.74476
2.82063
2.75632
2.96535
2.78626
2.9348
2.76003
2.81507
2.9038
3.08133
3.07905
2.99034
3.03776
2.8343
3.03038
2.83032
2.96001
3.00166
2.83672
3.12132
2.84845
3.07912
3.06156
3.06081
2.79164
2.75282
2.95414
3.08909
3.0387
3.13252
2.87249
2.80398
3.08898
2.7739
3.01274
2.86716
2.83436
2.74874
2.9624
2.78586
2.79098
3.13707
2.75766
2.93094
2.74059
2.75549
2.99771
2.89606
2.88456
2.73669
2.95794
2.9361
2.87354
2.94044
3.02066
2.89322
2.87051
3.10392
3.11838
3.11956
3.09401
3.04797
3.09211
3.11858
2.79762
2.83566
3.08273
2.72739
2.94391
2.98565
3.08245
2.84465
2.78439
2.72185
2.99391
2.89007
3.00609
2.89488
3.00692
2.82534
3.10873
2.80386
2.78358
2.91375
2.85127
2.77124
3.11377
2.76382
2.79835
3.03421
2.98171
2.87882
2.86974
3.02395
3.10965
3.05704
3.11265
2.9838
3.13268
2.82545
2.8559
3.10002
2.74429
2.81699
2.81246
2.85184
3.0645
3.08681
3.12402
2.98014
2.7346
2.90088
2.91929
2.73564
2.95345
3.10871
2.90755
2.78662
2.96156
3.11379
3.07612
3.05291
3.03087
2.98329
2.88967
2.84018
2.81717
2.89651
3.01389
2.95503
2.96414
2.76645
3.03383
2.97468
3.10105
2.74384
2.74741
3.02303
2.77152
3.05933
2.81262
3.10126
2.78501
2.75214
2.83772
2.90302
3.09848
2.80816
2.86112
2.83329
2.87883
2.9589
2.85151
3.11494
2.85217
3.00363
2.88598
2.85403
2.76948
2.74054
3.00606
2.99715
3.10432
2.81863
2.77705
2.80306
2.90177
2.99595
3.12951
3.05242
2.99763
2.98006
2.8186
2.83492
3.01752
2.79521
2.81257
3.04774
3.01485
2.78081
2.84916
3.09244
3.06464
2.99917
2.91048
2.79976
3.06476
2.81284
2.93474
3.03363
2.78855
3.08416
2.8976
2.72014
2.76831
3.08386
2.91695
2.8764
2.90196
2.93108
2.81252
2.86576
2.78349
2.87783
2.8375
2.90423
2.93809
3.05753
2.81895
2.77584
2.86572
3.00855
3.12356
2.8608
3.10141
2.81133
2.78468
2.91857
2.7806
2.9483
3.08405
3.13525
2.73419
3.02197
2.87753
2.84025
2.9406
2.99937
3.08415
2.84432
3.12199
3.10991
3.02073
2.87677
3.13854
2.81555
2.93219
2.80812
2.88505
2.97934
2.88548
2.75874
2.82127
2.95215
2.90299
2.82604
3.10692
2.87581
2.95728
2.88046
2.97501
2.76816
3.0835
2.73046
3.09633
2.85233
2.8542
2.90423
2.84649
3.04516
2.77996
2.96364
2.75313
2.84737
2.99485
3.06006
2.7963
2.91551
3.10146
2.89796
2.81389
2.91456
2.97212
3.11955
2.98652
2.96849
3.111
3.07082
2.74056
2.80697
3.00725
3.06957
2.87628
2.81874
2.81239
2.8283
3.13199
2.86792
2.98989
2.78889
3.06998
3.01253
3.13858
3.11898
3.08729
2.96643
3.12492
3.12187
2.79583
3.00974
3.09958
2.84303
3.10409
2.84797
2.88843
2.99142
2.80198
2.98669
3.09444
3.05977
2.79399
3.03299
2.77185
3.02858
3.07845
3.02036
3.03253
2.98727
3.12133
2.83393
3.01987
2.72478
3.05165
3.11333
2.93538
2.97023
3.09932
2.95257
2.87104
2.94906
2.72298
3.10616
2.86252
2.95813
2.7311
2.98494
2.9629
2.80782
3.05803
3.02744
2.95667
2.97895
3.06764
2.9333
2.86128
3.01928
3.11973
2.79053
2.90055
2.89094
3.04058
2.88888
2.95949
2.88787
2.75882
2.7558
2.73318
3.10219
2.92703
2.91035
2.89063
2.96818
2.83632
2.79431
2.91906
2.88155
3.01125
2.75809
3.03123
3.11492
2.96002
2.91287
2.83105
2.90675
2.79815
2.85172
2.73871
3.09888
2.97765
2.86859
3.13758
3.11732
2.80965
3.11125
3.11774
3.0278
2.99954
2.79333
3.04527
3.003
2.81398
2.96674
2.77421
2.7789
2.74347
2.88771
3.12756
3.14038
2.98373
2.80504
2.89458
2.81102
3.12018
2.93526
2.77262
3.12198
2.91369
3.05669
2.93437
2.91251
2.98476
2.74372
2.91638
2.81537
2.98596
2.80386
2.97345
3.01399
3.0515
3.0664
3.027
2.81244
3.0045
2.75354
3.00343
3.12148
2.77419
2.97497
3.13824
3.0079
3.0477
2.93734
2.91067
2.7291
2.92369
3.03645
2.80161
2.88148
3.01492
3.03534
2.99263
2.82868
2.97899
2.97498
2.95071
3.04208
3.01173
2.98788
2.87408
2.73203
2.80708
3.13407
2.99548
3.09118
2.91633
2.97225
3.03287
3.05806
2.80418
2.79015
2.78894
3.05439
3.14115
2.89413
2.98687
2.96546
2.75912
2.81346
2.79385
2.98926
2.90435
3.12044
2.89136
2.73453
2.75997
2.95807
3.05515
2.89952
2.9851
2.81696
3.11266
3.02257
2.94738
2.83279
2.92695
2.78986
2.82512
3.11027
3.09015
2.72276
2.97945
2.9761
2.8424
2.74851
2.96757
2.73665
2.74746
2.95287
2.84773
2.93106
3.09426
2.96758
2.86133
3.13568
2.82277
3.08348
2.91687
2.72598
3.04978
2.91992
2.7662
2.922
2.93575
3.02455
3.01703
2.87091
2.8205
3.01854
2.8492
2.74048
3.08026
2.74285
2.81472
2.88537
2.79817
2.79772
2.97357
2.81885
3.06603
3.10687
2.77874
2.85431
3.12528
2.88804
2.86689
3.03997
3.05622
3.09791
2.91439
2.82794
3.00918
2.85269
2.95137
2.92244
2.80342
3.03252
2.72372
2.93239
3.00396
3.1108
3.07947
3.02804
3.03251
2.87036
3.12818
2.82899
2.85922
3.1085
3.12687
2.73274
2.96732
3.09676
2.88623
2.83889
3.08819
2.80793
2.80202
2.9065
2.84839
3.04698
3.05468
2.96287
2.74119
2.78911
2.99283
2.78699
3.09325
2.96869
3.12132
2.80022
3.10048
2.80809
2.83029
2.76896
2.79353
2.88996
3.05706
3.13695
2.79308
3.04837
2.72563
3.07337
3.03865
3.0991
2.81182
2.79551
2.96526
3.11387
3.01224
2.92687
2.88319
3.0793
2.76565
3.05655
2.76765
3.00073
2.78158
2.86672
2.75764
2.76308
2.97719
2.83956
2.80876
2.74664
3.0564
2.94732
3.0994
3.08598
2.77338
2.91431
2.88122
2.8665
2.88095
3.12999
3.08516
2.82979
2.9504
2.897
2.98665
3.07038
2.83529
2.9654
2.87079
2.78388
3.02847
3.05138
3.1222
2.97344
3.04215
2.99381
2.8209
2.80062
2.88256
2.84146
2.93127
3.04328
3.09396
2.7459
2.91758
2.83305
2.8284
2.9032
2.80997
2.81732
2.7491
3.06947
3.02698
3.12051
2.77442
3.0214
2.99368
2.86433
3.07292
2.81452
2.75222
2.79959
3.13785
2.76391
3.04636
3.10966
2.83478
2.87414
2.91895
2.75454
2.87582
2.9663
2.99466
2.90947
3.1385
3.09631
3.0407
3.09579
2.86851
3.03145
2.75635
2.91902
2.90742
2.85098
2.96249
2.7713
2.95002
2.79508
2.72387
2.84088
3.08801
2.8172
2.8828
2.76968
3.10277
3.08339
2.91523
2.81579
3.09131
2.77062
2.85296
3.01724
3.14042
2.93009
2.83178
2.78415
2.81177
3.01107
3.12583
2.81264
2.99755
3.08925
2.76497
2.79579
2.72366
3.03236
3.01128
3.06742
2.94723
2.79931
2.94536
2.87668
2.97292
3.00686
3.08816
3.08442
3.13005
3.03482
3.00288
3.11938
2.85194
3.0526
3.08886
2.82308
3.0711
2.92416
3.11535
3.11225
3.06697
2.96607
2.92027
3.0705
2.96036
2.99843
2.77586
2.96499
3.09769
2.91859
2.97161
2.78005
2.85684
2.86243
2.98504
2.93145
3.03037
2.77158
2.82298
2.78416
2.72595
2.92291
3.02041
2.97013
3.02246
2.73383
3.03279
3.03161
2.82011
2.93361
2.99948
3.09297
2.96244
2.94668
3.04104
2.897
2.84466
2.89135
2.96886
2.97424
2.865
2.73469
3.08382
2.88946
2.97049
2.77425
2.93266
2.76398
3.05256
2.99913
2.94196
2.93042
2.82365
3.10825
3.08604
2.79638
3.1307
3.07797
2.75945
3.11227
2.89484
2.86859
2.83925
2.76463
3.01242
2.79109
2.72
2.96207
2.81891
2.87649
3.1232
3.0793
2.8563
3.10963
2.74809
2.88665
3.0308
2.87425
3.08742
2.9762
3.0295
3.1342
2.77677
2.78444
2.98907
2.86788
3.11973
3.0006
3.01614
2.90734
2.79736
2.89919
3.11452
2.97241
2.92379
2.74464
2.97304
2.87249
3.05121
2.75428
2.92734
2.7546
3.01056
2.73397
2.75038
3.11592
2.86378
3.11599
2.74865
2.96303
3.00873
2.9197
2.77724
3.00092
2.78975
2.89512
2.86177
2.80622
2.88432
2.87343
2.8098
2.85098
2.82165
2.99821
2.72521
2.84618
2.89252
2.76335
2.83616
2.83787
3.08167
2.75898
2.91719
2.89879
2.8365
2.97452
2.94256
2.97237
3.14073
3.02994
2.7626
3.13173
2.96633
2.85424
2.84685
2.90534
2.97149
2.81897
2.96857
2.9467
2.80571
3.10357
2.86932
2.9484
3.12931
3.10225
2.93306
3.13857
2.74161
2.99637
2.72727
3.0602
3.09619
2.88194
2.91826
2.78723
2.80292
2.83502
2.80934
2.95484
2.92924
2.95961
2.78105
3.0715
2.8496
2.90856
2.76789
2.83936
3.0162
2.73638
2.82432
2.99036
2.72219
2.81372
2.94641
3.04978
2.90639
2.91332
3.04122
2.79215
2.83721
2.95509
3.07468
3.01476
3.05546
2.83105
3.01156
3.12979
2.96271
2.76368
3.01777
3.01691
2.90526
2.94957
2.93971
2.76445
2.90041
3.02898
2.79272
3.04593
2.72331
2.97359
2.77871
2.86613
2.82811
2.97915
2.78596
2.77368
2.73433
2.94911
2.94609
2.96942
2.8242
2.83319
2.75179
3.1297
2.87005
3.07003
3.13898
2.80031
2.91704
3.0081
2.82135
3.03231
2.85033
2.9131
2.843
2.97432
2.74129
2.79091
2.91199
2.78659
2.80469
2.91073
2.75949
2.7634
2.85883
3.08696
2.99515
2.75995
2.95499
2.85461
2.92848
3.04741
2.8609
2.79399
3.09047
3.00433
3.1171
2.98707
2.97526
2.79638
2.84179
3.14127
3.01659
2.78026
3.01155
2.80967
2.85584
3.03797
2.92536
2.99979
2.90413
2.90916
2.74116
2.80159
2.94944
3.05926
2.89682
2.96449
3.01989
3.03594
2.84345
3.07126
2.89909
3.00501
3.11991
2.73011
3.14153
2.86999
2.79843
2.79582
2.87784
3.0766
2.94311
3.04618
2.9369
3.06895
2.84045
2.96517
2.7979
2.82091
2.89353
3.08724
2.73224
2.81865
3.01109
3.0523
3.09742
2.81466
2.76003
3.0369
3.07857
2.89196
3.02829
2.81518
2.72099
2.86361
2.93932
2.88819
2.75093
2.72644
2.99522
2.82889
2.907
3.0305
3.03018
2.90518
2.96716
2.83712
2.92851
3.06607
2.96244
2.74621
3.02772
2.79026
2.98114
3.00402
3.08732
2.89516
2.81283
2.99137
2.81427
3.11588
3.01022
3.13539
3.06506
2.82256
3.10928
3.0876
3.09943
3.09938
2.82778
2.90792
2.98546
2.72171
3.08003
2.88155
2.78614
3.00475
2.93211
3.05428
2.87785
2.95747
3.0601
2.81204
2.75769
2.77165
2.87202
2.74152
3.07554
3.03137
3.12775
2.74619
3.06481
3.00178
2.75215
3.06216
2.73575
2.73846
2.88379
3.10483
2.85143
2.88408
2.89223
2.74586
2.85647
3.04519
2.9341
2.82269
3.00959
2.83516
2.95399
2.74091
3.08869
2.90954
2.93747
2.82359
2.89557
2.73511
3.02084
2.96657
2.72014
2.81469
3.08778
2.76045
2.73474
3.02667
3.02047
2.94394
3.04822
3.01591
2.96192
2.91976
2.87754
2.98704
2.75337
3.02054
3.02397
2.96241
3.12568
2.77023
3.0567
2.84722
2.7599
2.91947
2.73535
3.07717
2.74762
2.78703
2.84039
2.99413
3.01737
2.95132
2.84109
2.82725
2.85516
2.77837
3.06187
3.09574
3.01631
3.03377
3.05395
2.79614
2.75937
2.89252
3.05831
2.80895
2.83653
2.97473
2.87832
3.09414
2.77524
3.06654
2.76011
2.99582
3.01845
2.96555
2.7335
2.95268
3.05799
2.81196
2.82879
3.13136
2.95633
2.95819
3.0546
3.00079
3.04296
3.05942
2.9445
2.82338
3.04904
2.95566
2.82998
3.07361
2.85178
3.01104
2.85648
2.89157
2.77052
3.07621
2.89703
2.88112
2.93307
2.84818
2.97711
3.01873
2.79662
2.81369
2.74926
2.7786
2.84735
2.96946
2.822
3.12109
2.93081
3.05362
2.73928
2.87616
2.93625
2.85653
2.81068
3.1087
3.00089
2.91324
2.9911
3.0322
2.78312
3.12316
2.79052
2.90877
2.7419
2.90194
2.85449
2.91144
2.83639
2.87822
2.73245
3.03261
2.85656
2.87178
3.10618
3.02257
3.11626
2.80346
2.79322
3.03127
2.84787
2.76088
3.04339
2.94475
2.86258
3.08879
2.77058
3.10134
2.91541
3.0271
2.95913
3.09262
2.96207
3.10027
2.85025
2.90249
2.83711
3.01586
2.75539
2.97018
3.10008
2.9356
2.81274
2.89107
2.98648
3.01746
3.07778
2.78354
3.03471
3.13843
3.11792
2.90714
2.81917
2.84017
2.99804
2.7927
2.93094
3.02334
2.99045
2.84975
3.04471
2.89422
2.78482
2.84966
2.83123
2.90346
3.09394
3.11756
2.87791
3.01411
2.78396
2.90208
3.06202
3.07618
2.9672
3.10548
2.83567
2.80026
3.10455
3.07921
2.74108
2.81602
3.12901
2.83529
2.87789
2.77969
3.00616
2.72715
3.09766
2.72664
3.1097
2.88351
2.76902
3.00986
2.9609
2.78138
2.74006
2.87203
3.05623
2.75175
3.04933
3.08644
2.91503
2.87351
3.09083
2.76197
2.93476
2.77965
3.07883
3.01502
3.08028
2.9734
2.97023
2.94656
3.13542
2.81299
2.93487
2.79132
2.86574
3.0784
2.96015
2.80901
2.94047
2.84359
3.01952
3.08606
2.79413
2.90707
3.09225
3.0446
3.02057
2.75689
3.05272
3.1184
2.87889
2.79931
2.7339
2.98282
2.94671
3.0641
2.72276
3.10903
3.04665
3.06945
2.74387
2.73129
2.8483
3.00792
3.06932
2.93389
2.94276
2.89882
2.90718
2.87529
3.04051
3.09125
2.95952
2.77883
2.84192
2.86369
3.01744
2.93208
2.96555
2.87328
2.81813
3.01487
2.74679
3.11933
2.73971
2.9562
3.01757
2.95481
2.82824
2.76692
3.02204
2.85068
3.07896
3.07278
2.74418
2.96077
3.03381
2.75796
3.11808
2.93664
3.02737
2.82625
2.95155
2.82949
2.77395
2.8498
3.0386
2.98926
2.89227
2.77125
2.80985
2.72098
3.1211
2.8584
2.93943
2.95505
2.79628
3.02471
2.94722
2.9517
2.91914
2.8242
2.75205
2.77765
2.79066
2.92068
2.78701
3.13805
2.93035
2.73152
2.91206
3.10096
2.83465
2.73357
3.10654
2.92447
2.98501
3.10865
2.83076
3.12991
2.9204
2.74435
2.89935
2.9992
2.87248
2.90099
2.87873
2.90016
3.13807
3.01405
2.82726
2.93722
2.98586
2.86631
2.9987
2.93607
2.86725
2.89314
3.13563
3.02785
3.06753
3.04402
2.83907
2.72484
2.83281
3.06608
2.75398
2.80965
2.94117
2.83818
3.10915
2.85983
2.91279
3.00436
3.00706
2.98658
3.12669
2.92453
2.73799
2.81599
3.12241
2.92804
2.73815
2.93901
3.04492
3.07869
3.13806
2.78713
2.98953
3.05825
3.05471
2.84346
2.8567
3.05047
3.00984
3.1262
3.14149
3.10644
2.88932
2.73274
3.12311
2.81227
2.80059
3.00271
3.02878
2.78654
3.06745
2.79834
2.98105
3.14149
2.90006
2.89654
2.76899
2.87797
3.09691
2.94118
3.08921
2.94632
2.74079
2.88976
3.06462
3.05866
2.94492
2.87086
2.77328
2.89407
2.90063
3.01516
2.93965
2.97535
3.06671
2.86629
2.98619
2.95375
3.09529
2.86649
2.72926
3.01804
2.86302
2.84813
3.05438
3.07408
2.74848
2.7293
2.93905
2.95892
2.75633
3.08297
3.02008
3.01654
3.08539
2.93332
2.84998
2.76309
2.88827
3.02669
2.93557
2.80381
2.78843
2.78833
2.75317
2.92421
2.93867
2.92018
3.01418
3.09649
2.9576
2.84479
2.91304
2.8389
2.91896
2.75842
2.75832
2.94009
3.11835
2.74575
2.90545
2.86077
3.08367
3.03128
2.83601
2.85851
3.02999
2.95302
2.87009
3.09673
2.826
2.881
3.05679
2.81583
3.11271
2.91076
2.74452
3.09295
2.81765
3.08556
2.89771
2.85141
2.99962
3.0106
2.88705
3.03179
2.73832
3.07442
3.00691
3.0371
3.04811
2.84558
3.08621
3.12427
3.06565
2.94413
2.81908
2.76288
2.97791
3.10961
2.73111
2.9011
2.7862
3.00349
3.08902
2.73586
2.8059
2.84079
3.04672
2.84379
3.04569
2.91828
2.87317
3.11249
2.81569
3.01045
3.13107
2.90844
2.94858
2.98861
2.78711
2.76387
2.79135
2.97851
3.12099
3.06307
2.95276
3.07048
2.7874
3.09911
2.91054
3.06236
3.0175
3.12521
2.86462
2.77982
2.87736
2.84847
3.04096
3.06719
3.01855
3.11792
3.06188
2.818
2.95113
2.80916
3.10147
2.84693
2.73712
2.75716
3.1133
2.97861
2.87412
2.78064
2.90793
2.85255
2.83523
2.75928
2.98513
3.08593
3.13053
2.96685
2.93487
2.9477
3.13052
2.77513
3.06034
3.00777
3.02534
3.11296
2.81216
3.1406
2.84279
2.74689
2.94689
3.10178
3.07268
2.74677
3.03894
3.02842
2.79527
3.02556
2.87258
2.94142
2.98701
3.06007
2.89699
2.87639
2.79787
3.03234
2.96123
3.03034
2.98786
2.75682
3.10089
2.9768
2.96042
3.10676
2.74498
2.90406
3.03426
2.93362
2.85922
2.73618
3.13582
3.05611
2.73252
2.96537
3.05624
3.01612
2.72146
2.7403
2.77918
2.75089
3.01122
2.74374
2.8061
2.99575
3.13002
2.82366
2.86466
3.13151
3.07584
3.06478
2.89003
3.10662
2.91272
2.90165
2.95849
2.87724
2.74341
3.05047
3.02184
3.11572
3.11472
2.81592
2.84453
3.07314
3.03333
2.96441
2.9929
2.89025
2.77708
2.85406
2.73803
2.89234
3.11547
2.96088
2.87936
3.05807
2.79287
2.87245
2.7632
3.00614
2.89489
2.74116
2.7797
2.739
2.99751
2.81634
2.78151
2.80821
2.99399
2.88666
3.102
2.81963
2.83752
2.83175
2.74626
2.76049
3.00758
2.92223
2.79676
2.79993
2.82195
2.88285
2.91546
2.78508
2.81054
2.89836
2.75252
2.74095
2.84632
2.9927
2.98261
2.91686
2.84005
3.0118
2.97682
2.74795
2.93132
2.74822
2.90717
2.9323
2.84118
2.72143
3.11886
3.09199
2.76632
2.89257
2.82412
3.13917
2.96199
2.8133
2.98527
3.04406
2.75653
2.77628
2.95033
2.92421
2.7435
2.90458
2.82106
2.89564
3.04981
3.09472
2.95927
3.13588
2.73545
2.79687
2.81758
3.09682
2.77156
2.83479
2.92472
2.77712
2.9455
2.9059
3.00725
3.12649
2.81664
2.84462
2.88683
2.75282
2.95676
3.03523
3.11688
2.79724
2.96181
2.73567
2.80248
2.89474
3.07482
3.10906
3.13172
2.83645
3.11086
2.95188
2.72715
2.84891
2.71912
2.97766
3.00734
2.79706
2.827
3.01589
2.8066
2.9295
2.93264
2.90991
2.86031
2.90835
3.08265
2.76517
2.76275
3.00645
3.10147
2.94514
2.84761
2.88586
2.94385
2.7526
2.95852
2.98374
2.74674
2.84951
3.02687
2.93509
2.88822
3.12921
3.1235
3.14066
2.79594
2.89524
2.85046
2.90374
3.02025
2.80338
2.86222
3.08944
2.85375
2.71941
3.12762
2.80267
2.92901
3.09756
3.13209
2.94726
2.8409
2.81619
2.89515
3.13868
2.73276
2.81695
2.99341
2.92663
2.8941
2.88423
3.00239
2.97167
2.78196
2.79082
2.92146
2.9223
2.75837
3.04742
3.1262
2.81161
3.10922
2.77422
2.98543
2.77648
2.96811
3.11015
2.87691
2.81796
2.86485
2.90932
2.77418
2.73406
2.96092
3.09024
2.83451
3.06008
3.09439
2.91132
2.75348
2.78193
2.91316
2.79844
3.01525
2.76188
2.7495
2.7314
2.73047
2.80813
2.98509
3.11727
2.87942
2.75808
2.84318
2.98712
2.93497
3.07044
3.07156
3.05758
2.71866
2.92938
2.88535
2.87585
3.10483
2.80414
2.90204
3.07891
3.076
3.09047
2.76583
3.04096
2.826
3.00182
2.74445
3.02857
2.85864
2.92231
2.99486
2.77472
2.97874
3.01882
2.92465
2.90926
3.00259
2.97021
3.02615
2.86999
2.92819
2.75471
2.72327
2.88189
2.98157
3.12814
2.89587
2.95177
2.96755
2.78687
2.73553
2.85175
2.77024
2.72304
2.91608
2.95128
3.01492
2.78649
2.86665
2.74031
2.7839
2.81512
2.82824
2.84043
2.93028
2.77377
2.74944
2.91058
2.95038
3.07528
2.92081
3.13749
3.06634
2.9963
2.9123
2.91267
3.12377
2.86753
3.0251
2.98833
3.07418
2.83464
2.77196
3.12967
3.07855
3.12611
3.02548
3.1332
2.99342
3.01959
2.90657
3.04693
2.82765
3.10422
2.73735
2.9978
2.87503
3.0814
2.84907
3.13337
2.96199
2.84655
2.99825
2.78485
2.82128
2.82627
2.98988
2.82986
2.81641
2.994
2.80418
3.05344
3.12203
3.13928
2.84944
2.90139
2.90615
3.10395
2.91363
2.78696
2.85517
3.00354
3.02557
3.09119
2.76472
2.87467
2.99682
2.7855
2.84099
2.87215
3.06445
2.87324
2.80693
3.00946
3.00536
2.9301
2.78481
2.97883
2.74991
2.73209
2.88134
2.76484
3.03489
2.96748
3.08383
3.1375
3.12558
3.06254
3.04706
2.93094
2.92254
2.77437
3.07569
2.84066
2.746
2.85536
2.81799
2.83706
3.11658
2.85002
2.78983
2.92062
2.9124
2.7328
2.86107
3.14104
2.7843
2.8873
2.99528
2.84357
2.95514
3.05327
2.90567
2.99157
2.90342
2.88386
2.88154
3.01269
2.77249
2.96036
2.92271
3.11806
2.76344
2.90033
2.76228
3.06956
3.01916
3.0656
2.79868
3.07721
2.72112
2.84383
2.9977
2.92056
3.07551
2.74085
3.03202
2.89579
3.10761
2.75083
3.01138
3.043
3.05681
2.79655
2.84311
2.7364
2.9856
2.92783
2.92375
2.90774
2.82869
2.73415
2.94681
2.72776
2.78385
3.14126
2.84033
2.86804
3.00512
3.10483
2.8003
2.77529
2.90703
2.97858
2.7576
2.95172
2.96624
3.10903
3.10847
2.75118
2.92019
2.77389
2.89917
3.13603
3.04771
2.81179
3.08508
2.8469
3.01247
2.75242
3.04683
3.10104
2.91981
3.12424
3.10071
2.72255
2.9046
2.94859
2.87656
2.75413
3.10145
2.75853
3.11746
3.1203
2.82253
3.10195
2.88091
2.81483
2.8374
2.72783
2.90533
2.87135
2.9039
2.77368
3.0984
3.01361
3.09188
2.7934
2.81151
3.07883
2.86507
3.07053
2.83667
2.94708
2.96295
2.76816
2.77764
2.84321
2.84288
2.96492
3.11469
2.97822
2.94146
3.02347
3.08048
2.84591
3.1062
2.72222
2.95566
2.78031
2.74774
3.13793
2.74752
2.94943
3.00503
2.76261
2.75706
3.08648
2.75668
3.12347
2.82878
3.12297
2.73379
3.06234
3.02179
2.8
2.78265
2.74177
2.74604
2.93235
2.73935
2.89763
2.93348
2.89333
2.93358
2.90944
2.88815
2.9924
2.95275
3.11537
2.78861
2.90773
2.91727
3.10432
2.83408
3.01969
3.07509
3.0319
2.90392
2.85421
2.92932
3.02255
2.95979
3.10657
3.03551
2.73059
2.95939
2.78075
2.83063
2.88999
3.01492
3.13952
2.96285
2.93594
2.77257
2.99574
2.87762
2.8165
2.94413
2.90874
2.91267
2.72674
2.78876
2.81822
2.81456
2.84379
3.07494
2.93838
2.98271
3.02149
2.96638
3.00478
2.98666
3.09716
3.07853
3.09405
3.0148
2.89499
2.97671
3.04108
3.06456
3.09232
2.88308
2.90414
3.08349
2.87538
3.05043
2.84241
3.03358
2.78013
3.05424
2.8654
2.83918
2.90951
3.09895
2.87463
2.83737
2.95316
2.83127
2.76476
3.07838
2.84071
2.97663
2.76436
3.06863
2.88683
2.85181
2.74573
2.75804
2.99915
3.06161
2.75065
2.92236
2.79569
2.79361
3.03818
2.83253
2.88681
2.74096
2.90029
2.99851
2.80105
2.99151
2.76259
2.77105
2.84153
2.94147
3.03775
2.73995
3.09661
2.89339
2.73451
3.03772
2.8625
2.72569
2.99407
2.94963
2.88657
2.83903
3.13554
2.88894
2.72407
3.04687
2.96984
2.92056
3.08536
2.84791
2.78981
2.9469
2.85574
2.97987
2.87185
2.9337
2.84635
2.99347
3.11437
2.88228
2.83964
2.996
3.11508
2.92665
3.03964
3.08612
3.02291
2.72202
2.98037
3.02645
2.95349
3.12204
2.83225
2.8597
2.89946
2.75701
3.10034
3.13271
2.91348
2.99088
3.06621
2.9628
3.07704
2.82226
2.84493
3.02695
2.88387
2.96664
2.81656
2.86087
2.91364
3.03689
2.83677
2.73292
2.75459
3.13292
2.88472
2.90095
2.79708
2.9413
2.94871
2.80118
3.03253
2.77751
2.89825
2.8922
3.06287
3.06865
2.97393
2.80217
3.00445
2.94822
3.07784
2.72606
2.95468
3.09214
2.93042
3.08399
2.8761
3.00417
2.85604
2.82882
2.99282
3.11418
2.96858
2.94207
2.72714
3.04849
2.99302
2.87433
2.87807
3.14016
3.02502
2.83692
2.81736
2.93133
3.07275
2.83061
2.86934
2.82809
2.81921
3.01441
2.8637
2.78832
3.03283
2.96828
3.07225
2.77559
3.08426
2.82654
3.07489
2.74986
2.89245
3.08781
2.98311
3.10159
3.11624
2.72923
2.72056
2.88699
3.06966
2.72515
2.94816
2.75528
2.83817
2.72911
2.78833
2.96831
2.71892
3.0635
2.99056
2.8229
2.90679
2.76965
2.99958
2.93583
2.9436
2.75669
3.13054
2.91937
2.86176
3.01958
2.88215
3.01991
3.13045
2.98167
2.95426
2.78125
3.00504
3.0139
2.9208
2.77222
2.92827
3.08806
3.08662
2.97005
3.08868
2.76445
2.9775
2.90866
3.02099
2.74874
2.85855
2.95948
2.8323
2.97771
3.04775
2.93899
2.76567
3.11964
2.75364
3.11962
2.80457
2.73787
2.76944
2.94361
2.88983
2.73134
3.11465
3.08929
3.10025
3.10252
2.84792
2.77599
2.78285
3.01274
3.04973
2.74631
2.75713
2.82719
3.07721
3.07785
2.99976
2.84873
2.95334
2.71854
2.7699
3.0512
2.84544
3.07076
3.10917
3.09812
2.87589
3.01937
2.89736
3.06123
2.93955
2.92841
2.76849
3.00447
3.06744
2.93089
2.80319
3.00571
3.05965
2.84632
2.79279
2.73782
2.98959
2.93668
2.98285
2.81876
3.00914
2.88854
2.919
3.05927
2.87716
2.99117
2.82729
2.73345
2.95416
3.00155
2.9796
3.01496
2.99299
3.07927
3.09886
2.72671
2.95204
3.12358
3.13664
3.1097
3.0574
3.01605
2.97698
3.10662
2.74102
2.80559
3.10004
3.00818
3.03621
3.07506
2.76065
3.11958
3.05583
2.914
3.04445
2.8562
2.85645
2.90807
2.81768
2.94483
2.874
2.84157
2.7981
2.95571
2.83349
3.01257
2.93221
2.73017
2.9403
2.99051
2.85338
2.77922
2.99183
3.07674
2.94085
2.85891
2.98695
3.06145
3.08099
2.92898
2.72407
2.98863
3.08911
2.95665
3.12691
2.90431
2.82198
2.98086
2.83044
2.93945
2.95462
2.76718
3.05044
2.88845
2.76181
3.03652
2.9742
2.93147
2.9399
2.75034
2.73233
2.72738
3.1188
3.0346
2.90906
2.74445
3.13279
2.73221
2.81952
2.77797
3.06787
2.96249
2.89595
2.93832
2.91631
2.83055
3.02627
2.92912
3.06704
2.7819
2.97169
3.07108
2.87432
3.03003
2.73001
2.80983
3.04726
2.73915
3.03344
2.82406
2.83595
3.05797
2.90688
3.04198
3.10292
2.95316
2.88831
3.11088
2.82819
3.09686
3.01672
2.95611
2.7435
2.74929
3.01964
2.96716
2.78222
2.76754
2.95357
3.05727
2.89653
3.00869
2.80654
3.04288
3.09178
3.00063
2.74749
2.79102
3.10926
2.94187
2.73174
2.95336
2.98542
2.99947
3.00857
2.98578
2.87879
3.06957
3.09574
3.08693
3.10086
2.77879
2.83849
2.76477
3.00897
2.76333
2.98337
2.75808
2.87035
2.75503
2.96586
2.89131
2.95492
2.78502
3.13781
2.87054
2.75898
2.77071
2.86226
2.76792
2.78879
3.10395
2.78642
2.90409
2.82047
3.00907
2.90946
2.87079
3.10567
2.85238
2.82167
2.93158
2.88684
2.76196
2.99979
3.02502
3.05603
2.93408
2.75965
2.82359
2.87284
3.10813
3.02381
2.77875
3.06915
2.73411
3.0587
3.00889
2.86793
2.89713
2.96987
2.93753
2.73781
2.75127
2.98634
2.83017
3.11136
2.97834
2.82253
2.98304
2.91101
2.86516
2.8105
2.76977
2.83028
2.95049
2.99697
2.86435
2.9094
2.75118
2.79098
2.94305
2.97979
2.80407
2.97709
2.79042
2.85716
2.85338
3.00564
3.04634
3.09877
2.81943
2.86907
2.93958
2.90194
2.97008
2.73258
2.83476
3.12555
2.89341
3.04592
3.00999
2.72078
2.82416
3.03746
2.78271
2.82639
3.1079
2.99133
2.90576
3.12156
2.73961
2.84492
2.99949
2.96602
2.84823
2.9087
2.83626
2.85208
2.76919
3.0598
2.78614
2.96499
2.79326
3.01251
3.03204
3.06503
2.90978
3.02167
2.99144
2.82819
2.93243
2.77388
2.96661
3.11348
2.78238
2.83387
2.94587
2.75476
3.03345
2.75621
2.94733
2.98022
3.05292
2.85438
3.11589
2.77836
3.03717
3.10931
2.82488
2.95997
2.82401
2.72876
3.10924
2.78708
2.93787
2.73585
2.91951
2.748
2.7623
2.87878
2.86273
3.03786
2.94218
2.81058
2.81308
2.91896
2.81483
2.87926
2.98736
2.95367
2.80341
2.99089
2.97085
2.99219
3.11883
2.97672
2.80115
2.9311
3.12152
2.81618
2.94999
3.0009
2.91911
2.98696
2.81036
2.88534
2.75626
3.07002
2.99345
2.76163
3.06502
2.91486
3.02477
2.81561
2.87121
3.11953
3.09142
2.73221
2.8478
3.07539
3.11187
3.00373
3.04166
2.84739
3.10933
3.02066
2.73344
3.13105
2.76782
3.08672
3.05444
2.73772
2.97941
3.08515
3.09562
3.06327
3.13207
2.92834
2.94591
2.72383
2.75355
2.79756
2.95806
3.10251
2.99878
2.79937
2.89167
2.98647
2.76384
2.86038
3.02136
2.86713
3.10252
2.76433
3.03694
2.8662
3.1401
3.11734
2.95246
3.03533
2.82484
2.80476
2.90267
3.13437
2.99367
2.77119
3.03987
3.13194
2.87569
2.91367
2.84209
3.11725
2.73729
3.08403
2.8573
2.74047
2.8378
2.99073
2.96867
2.91849
2.93242
3.06194
2.99574
2.96601
2.82814
2.72821
2.85732
2.82505
3.12743
2.71928
3.13206
2.75829
3.12672
3.03957
3.05901
2.89683
2.84038
2.79441
3.1394
3.12987
2.91662
2.72094
2.72649
2.76175
2.84103
3.08081
3.04173
2.89891
2.98
2.73007
2.99826
3.04382
2.76261
3.06568
2.79122
2.75214
2.79819
3.11685
2.84145
2.83996
2.81571
3.04989
2.94362
3.05018
3.13666
2.89773
2.89051
2.74259
2.7955
3.11708
3.10743
2.84153
3.03692
2.73741
3.13638
2.73208
3.09783
2.81354
2.83573
2.95525
2.80439
3.05477
2.83167
3.04581
2.96616
2.82031
3.06803
2.75459
2.76451
2.90355
3.01032
2.99616
2.99716
2.98762
3.02763
3.01276
2.91073
2.82815
3.00669
3.12879
2.78161
2.77941
2.76769
2.96602
2.96868
2.97688
3.02035
2.71979
3.08232
2.98245
2.73977
3.00149
3.01328
2.86995
2.77217
2.8165
2.74059
2.81352
2.84739
2.9273
2.90255
3.02572
2.7241
2.82152
2.72981
2.95516
2.86374
2.85881
3.03827
2.78718
2.81149
2.88871
2.8642
2.83004
2.95329
2.84861
2.86774
2.86253
2.87634
2.83258
2.92783
3.04528
2.85894
2.94505
2.85822
2.97161
2.87584
3.12372
2.80243
2.72887
2.76517
2.8114
2.99667
2.86539
2.71996
2.99884
2.84487
2.7309
3.02538
2.79452
2.90438
2.76948
2.75668
2.82
2.88113
2.93053
2.75496
3.00536
2.84064
2.7194
2.72091
3.08494
2.9258
2.94729
2.80718
3.10218
2.83053
2.88442
2.98264
3.00494
3.10018
2.80597
3.01499
2.77595
3.08339
3.08921
2.76913
2.78067
3.01754
2.7397
2.88023
2.7769
2.8458
2.93901
3.10944
2.83205
2.94381
2.75551
2.88584
3.0353
2.75624
2.9143
3.02859
2.81483
2.71852
2.85918
3.08594
2.80257
3.0559
2.79015
2.77227
2.85642
2.867
2.91389
3.00701
2.86209
3.0092
3.01087
2.86812
2.9947
3.00733
2.89111
2.96735
2.73014
2.78135
2.81974
2.92147
3.08432
2.87326
2.90994
2.7737
2.89606
2.89718
2.8998
2.84315
3.05067
2.85637
2.94527
2.90586
3.01811
2.76094
3.02529
2.88864
2.84723
2.93492
2.80832
2.86599
2.80779
2.7554
2.80626
2.86864
2.74459
2.76601
2.92795
2.98657
3.11409
2.91152
2.87936
2.99313
2.79535
2.83257
3.00013
2.89383
2.93179
3.12781
3.01481
3.11136
3.1116
2.82918
2.77353
2.85782
2.77213
2.844
2.89799
3.03612
2.76153
2.95714
2.82256
2.96637
2.83398
3.12657
2.85309
3.12951
2.99525
2.74477
2.99384
3.0057
3.06876
2.74692
2.9501
2.89283
3.0478
2.81615
2.87157
3.04935
2.80494
2.98646
3.11133
3.02042
2.73519
2.96218
2.72645
3.02628
3.06893
2.95263
3.12299
2.82863
3.04526
3.1353
2.8597
2.94921
2.98633
3.0743
2.80135
2.82767
2.87539
3.08506
2.93004
2.90254
3.09578
2.83355
3.1084
2.76215
2.87644
2.73497
2.91053
3.12404
3.11026
2.98348
2.95324
2.92325
3.03415
3.0894
2.80563
2.85948
2.98519
2.74159
3.05942
3.10267
2.91822
3.02251
2.84728
2.96298
2.94795
3.08276
3.07068
2.92434
2.95082
2.80307
3.09049
3.01766
3.04629
2.8548
3.02935
2.93556
3.03343
2.76341
3.09448
2.75783
3.02601
2.99575
2.87458
2.89149
3.13539
2.72025
3.02824
2.95558
2.76662
2.74802
2.85836
2.76203
2.75574
2.89716
3.12808
