3.40654
-0.642134
-6.79327
-3.2811
3.12522
4.9084
5.24614
0.164863
1.2994
3.29903
6.21974
1.74101
4.33805
5.4593
3.16922
1.11651
-2.97227
5.29534
2.13163
6.94885
4.34766
4.05981
-1.05692
-2.87324
4.86233
5.64009
2.18181
0.669452
-0.614448
7.59663
3.74009
10.6646
1.59945
2.51977
-2.28696
5.48143
2.53313
1.09731
3.3032
4.03354
1.0123
-4.06381
3.12384
-1.50849
7.8262
-0.284976
3.34109
1.20042
7.4409
2.39941
7.28914
-1.95841
-0.298833
-0.872639
1.07648
4.90143
6.16772
4.58709
5.77248
1.63769
-1.30193
-0.0998912
3.06596
6.34417
4.15694
5.49554
-1.49396
-2.53403
8.11023
6.22698
4.96437
1.2629
-2.10266
1.80102
2.40417
0.211634
3.92334
5.64331
-0.363636
-3.2918
2.52421
6.97832
2.40945
6.14225
2.53334
3.56011
1.57145
2.52137
-0.871068
-1.84105
4.542
5.02975
7.03149
1.87888
1.602
-2.5541
0.946765
3.55719
4.6482
4.257
3.44272
2.7364
0.99309
4.09881
-1.66751
0.20248
-0.943097
1.09263
-0.298148
2.30948
1.87773
4.25529
2.55444
-0.863718
4.66355
6.97375
4.51557
7.88323
3.76772
0.76806
4.22339
8.22636
4.57862
-1.58967
2.80579
2.33132
3.36734
-2.5474
5.95763
-3.71398
0.332122
-0.663468
4.67041
6.98492
5.10856
-1.67471
-1.12064
0.705301
6.13281
6.54755
2.63067
0.370466
6.61529
2.8055
0.508079
4.81862
5.6266
5.89351
-1.7533
2.78677
1.98705
2.37049
2.0165
5.55514
-0.954311
1.55761
0.560835
1.78629
2.99135
-1.08554
1.18887
4.06847
6.3047
1.05381
2.04358
1.68648
2.23954
8.37564
3.52618
-5.17827
8.31058
2.43219
-1.14173
-1.51712
0.968067
3.90074
-0.657762
5.22306
2.33043
-2.41973
3.53698
7.14896
1.99577
-1.23733
-2.32881
4.27952
3.492
2.6941
0.847348
2.03443
0.547339
5.69449
7.51734
2.54297
4.34541
5.13241
2.9502
-0.688849
1.51352
0.659669
4.05207
6.64736
1.24258
3.76717
6.43804
5.04668
0.741491
-0.250464
2.89718
-0.58104
4.4014
-0.445608
7.40176
0.626184
3.39671
2.02506
1.93459
0.800481
4.02234
6.5774
1.26358
-0.246218
4.52376
4.1675
4.97271
1.53495
3.0701
0.267991
-3.9703
5.8181
1.6173
-5.88601
-0.651113
-2.02362
7.22883
1.80042
3.89979
5.60224
2.3763
4.83671
3.81494
3.45876
-0.373839
2.08173
1.31979
0.546717
-3.72801
5.1259
3.93567
4.23455
-1.80523
5.48804
0.514581
-1.79407
1.20355
-0.861398
2.48454
1.12562
1.1024
0.524817
4.8634
-2.74172
7.34956
4.53572
8.11171
5.49656
8.22891
-2.61326
3.51977
4.49064
-0.823746
12.6907
7.76854
1.59782
6.90276
4.67861
1.1961
2.64103
6.33736
1.81237
6.49768
-1.29925
2.63565
1.02607
0.864639
1.54896
5.05146
5.71662
1.49458
-0.197639
-0.756989
1.61555
2.61039
0.565374
7.41838
4.60558
2.83367
1.8727
0.955177
9.99844
4.34708
1.68361
1.0867
0.782216
5.01445
9.03218
9.12404
2.35453
9.07885
3.13954
1.61136
6.66865
4.2558
0.636466
-2.68124
-3.0966
5.18361
-0.966502
0.595819
1.1394
1.60113
5.9553
1.48347
5.16804
3.26404
1.42801
-2.84634
1.37868
4.68459
-0.535027
0.594188
3.89381
8.1506
1.94348
3.85054
5.81814
2.08949
-4.00616
1.20363
4.57887
-0.597046
-3.85345
2.82931
5.32075
-0.0646866
-0.232642
4.20142
4.6193
-1.30874
5.41283
4.16444
-2.72203
7.81824
7.67422
2.86256
6.23206
3.04013
0.388376
0.261788
-0.215878
5.5472
1.63519
-0.761285
11.5074
3.56668
8.32832
1.32711
4.9907
5.5159
3.67174
0.555631
1.34768
6.41517
-6.19317
4.54682
-0.838931
3.11991
6.82903
6.43095
7.55154
1.40852
5.40719
5.85494
3.06687
-1.1224
1.03567
6.72256
1.89129
0.270297
0.885279
2.47555
2.56711
2.66522
6.59105
2.87487
7.70479
-4.97375
3.183
8.01954
1.48424
4.69941
1.62273
-4.1038
1.98969
8.27461
2.54893
5.03249
0.559847
-6.38604
6.58475
-3.25507
7.92597
0.609635
7.99117
5.20018
-0.56169
1.46711
-1.64295
-1.23982
2.82727
4.90891
5.85803
-3.28141
7.95195
5.08065
4.64611
-0.33528
5.52271
2.92185
-0.988506
0.364448
4.28143
-0.563338
2.08
1.86316
0.68338
-1.89985
0.987624
2.90555
8.0581
2.77396
1.57636
1.96734
4.91818
2.01127
0.36459
5.48577
0.0138459
1.91757
5.43309
8.3812
2.33947
7.66524
2.79812
0.10366
5.5688
-0.187336
6.01046
0.951764
7.92467
1.32857
4.43135
1.44182
1.81784
9.8935
5.24394
6.83896
4.51778
0.11097
5.47616
-1.61914
1.61041
2.52009
5.56593
3.61185
5.14416
-1.25074
2.13958
8.73405
-2.32522
4.51
-1.05604
4.36779
3.94434
3.92076
-1.23057
3.60897
6.33307
5.01884
9.40736
7.1881
-1.68508
0.987169
-4.42052
-2.95223
0.454414
5.52792
4.52612
2.3375
4.85473
3.93305
-0.232118
-1.03238
1.76874
-1.12991
1.98912
-1.48158
2.23831
-0.271384
9.62271
4.79462
3.61512
4.0151
0.0864035
4.34313
1.86535
0.600368
8.47177
0.492879
3.86053
-0.859856
0.410284
5.17803
7.67295
5.31714
-0.546533
1.49071
5.03974
4.43032
4.51457
-2.26001
7.0923
1.40131
-1.98835
8.07111
-4.43378
-1.4241
5.55917
4.41272
5.10392
1.18037
3.58617
1.07776
3.66985
4.09997
4.41125
0.886871
-0.799891
1.96566
2.83636
4.25454
-0.692405
1.97182
6.63829
3.21338
5.72139
-1.16792
-6.75789
0.584162
11.8734
3.17054
-5.05634
9.22586
3.72215
6.49266
-1.8874
-1.94781
3.30462
-1.42172
6.7223
7.23509
2.18451
5.64556
-2.84299
0.259904
1.18367
-3.78749
1.07542
0.0324788
1.4471
3.29521
4.00325
-1.14081
5.54319
5.23453
3.69525
-0.766421
-1.21054
4.4353
-0.866469
4.04904
1.45984
-0.125455
7.99107
-2.22883
2.75509
4.75435
1.90732
2.26134
3.4373
1.15483
1.7773
-3.23326
-2.59995
1.72716
6.404
8.6044
-1.62805
2.10165
2.3515
-5.24166
3.82018
2.51296
4.20485
2.56013
5.28514
2.38075
3.78965
1.7194
5.8832
2.3078
0.988862
2.86757
1.49136
1.47452
7.26365
0.390483
5.08676
1.53057
3.65636
3.8975
-0.655859
-3.42343
-0.393559
3.02931
2.11342
6.38927
3.11432
1.33719
-1.03273
3.36663
1.82703
4.57155
-0.284091
2.20513
3.61744
5.29438
-2.75871
4.93533
8.21623
0.527921
3.62198
-4.19611
3.93219
0.592559
4.57631
3.68059
-0.0364375
-3.58469
-0.0330471
4.09073
4.26647
-0.688311
-4.15076
-1.48267
1.65732
-1.62996
7.74566
7.3446
6.49143
2.90887
8.49106
-1.67819
6.78869
3.2884
-4.21145
6.41054
1.44361
0.878735
0.437961
-0.660875
3.95464
8.3581
6.91003
2.802
2.79141
4.56595
5.16885
4.12038
-2.17138
3.40713
2.033
0.119834
2.23149
4.58564
-0.0335166
7.43578
6.36654
0.439472
3.66866
-3.19653
1.71071
1.91157
1.41758
5.38952
-1.13192
0.990112
4.9146
0.392251
2.4218
-0.0346596
2.46112
1.91336
7.88883
2.99437
3.94498
2.4801
3.29584
2.45711
0.773832
1.58343
-2.46707
6.06153
6.58954
-1.45154
5.24015
-2.40686
-3.59514
-1.16991
4.73536
4.17357
5.63275
9.74785
6.51571
5.42297
6.49251
4.20206
6.79693
-1.3063
-1.20443
7.86329
2.82207
2.08059
-3.71099
6.3795
0.231343
5.16977
4.61043
6.91802
6.17856
-4.79644
3.37943
-1.31975
6.34033
5.62613
2.18654
0.761339
-0.192523
6.93479
3.35885
10.5927
0.517227
-3.99288
5.00709
0.862605
3.19738
3.47202
-0.435126
0.373285
8.37041
-4.72015
-0.826648
3.95212
8.01155
11.7938
4.01373
0.340277
7.7363
3.29258
1.55554
2.52015
3.71499
2.58213
6.52491
4.16037
8.19393
4.97485
0.475368
0.338662
1.90162
3.75324
7.51112
2.79663
-1.23357
1.39393
5.79081
2.22239
-0.224983
2.21098
3.54869
3.62648
5.88925
0.574993
2.29914
0.0536715
5.43986
2.68187
2.94536
3.1
-3.53161
1.04488
6.24656
4.10856
-0.562004
5.00546
0.474356
4.03047
0.891747
-1.87767
3.22653
3.94842
9.72555
6.08789
1.53394
0.669432
2.92344
7.46275
7.5265
3.39426
5.97678
5.20958
5.44159
-1.63619
2.40213
1.22718
3.68143
8.67189
3.70745
3.19358
-5.22099
6.54227
1.59802
3.64131
5.38803
2.96398
5.79998
9.56311
8.18753
0.511888
0.566506
4.06163
3.13056
-2.76416
1.89639
6.56862
4.38871
8.67026
0.376568
9.14274
-1.90508
-0.262506
1.33218
3.51269
0.26375
2.46368
6.58711
2.43368
-2.09474
1.49219
2.65363
3.3833
1.17833
0.083609
1.10734
5.47629
5.74325
3.27438
7.60158
0.861541
-2.23764
5.70205
1.96527
3.44024
7.11225
5.37538
3.87451
1.55676
6.0207
2.13534
1.60507
6.44586
-0.168363
0.756275
1.11557
0.847433
1.2013
2.41284
3.83206
5.10376
7.60053
3.9795
0.157874
1.99581
-2.2026
-0.937861
6.35602
5.67052
-0.0623212
6.03817
2.1235
4.12289
2.81905
5.63819
3.13977
4.46952
6.7671
8.61692
2.19721
4.44816
-0.58391
6.20669
5.21468
7.8956
1.38937
3.56871
5.12104
-0.157879
1.64078
4.39358
3.34693
6.61836
0.297426
7.2236
5.59773
-3.61569
3.68757
3.03616
6.0566
-1.96406
0.948201
7.22175
5.58583
-1.63417
-4.74651
6.58726
3.82141
3.26289
-3.63518
-2.46932
5.25682
-0.111759
2.16751
8.14013
0.549263
-2.54852
-3.87454
2.87171
-0.046792
4.90841
2.16155
2.40799
5.6308
-0.77778
-2.72726
-3.40244
4.84915
4.01893
-0.478166
4.10337
-3.86022
3.5581
2.04374
0.712711
3.34661
4.63087
5.55165
6.86469
-0.231268
2.77154
6.57842
7.25826
1.69329
-1.16738
3.07255
1.79355
5.85866
4.83654
7.72839
3.02588
-0.65534
1.45127
7.05753
-1.46868
-3.91655
0.349302
4.09616
-1.22541
4.07464
1.04184
6.7263
5.42581
7.87548
-1.36464
7.26494
6.4026
0.280166
1.33329
4.94798
2.49745
3.87886
6.26008
2.42572
4.82232
5.94219
2.71259
-0.960532
2.45822
5.54567
4.70346
5.02432
4.24181
3.09219
8.96699
2.34781
-1.5419
3.61204
1.59319
2.10542
1.35255
3.79594
4.17076
5.36875
4.31515
-0.973281
4.66182
2.3401
0.58643
2.02435
6.00306
4.6102
0.204113
1.62377
9.18712
4.24666
0.657502
4.37306
-2.13534
5.9711
0.262678
2.53301
-0.173433
-0.370074
-0.228735
0.332538
-3.08091
2.73797
-1.00418
6.99375
3.08305
4.41445
1.36301
1.46706
-2.75872
8.50378
5.98639
1.57837
2.66471
8.56346
0.988676
-0.495819
4.38454
5.04782
4.06097
7.51725
-1.05576
3.20616
3.46971
-0.144748
5.10783
1.26255
2.35078
1.80463
-1.09239
1.4746
-0.207873
1.13249
0.710694
3.64894
2.58445
-0.579428
-2.07998
3.93371
2.35435
1.3747
1.04758
2.70609
1.35585
8.60764
-1.48669
4.84828
1.08773
2.96928
1.87367
-0.00101575
4.13068
3.23441
4.34058
-0.322489
3.07207
3.99238
2.88518
13.084
4.03461
3.83472
3.81015
0.49359
2.70204
-0.568271
1.20926
2.19587
7.85914
3.89473
5.98098
4.05764
3.72254
6.35228
4.33157
0.132227
6.00949
3.4353
5.7162
5.17835
2.58375
0.0717931
-0.986311
4.60913
1.25168
-6.76681
1.65036
5.62461
0.178978
2.08902
-1.32648
3.30828
2.98932
2.67533
-1.51757
3.0135
1.50117
0.439923
7.7332
9.61394
1.63705
2.67835
-3.52032
3.24098
5.74042
4.5732
6.03312
-1.3959
-0.443885
5.59063
2.84041
3.20668
-3.01637
1.54895
4.74091
6.88886
-1.09276
3.98464
9.98161
4.75318
3.38206
1.65819
4.36898
3.72897
4.2236
8.27453
0.821716
-6.50515
-1.43848
5.83423
4.46196
2.75863
-3.40491
1.17039
0.937504
3.53022
4.49773
0.194759
1.81082
4.7945
-0.737873
-1.46066
1.68094
2.70017
0.834815
-0.53938
6.89821
7.91819
-0.235787
2.99712
-0.0634175
3.83495
4.01602
-0.142849
2.98586
3.51758
7.52516
2.11775
-0.711804
2.0365
-2.26428
-2.72344
-7.9594
0.284476
3.10615
-0.11222
4.1686
4.86004
3.49733
7.24807
4.33358
0.857376
0.593798
6.01535
2.98874
7.51448
-2.38229
0.253784
4.1732
2.79513
-0.432344
2.41236
5.07515
2.22724
1.69665
5.19232
-1.07478
6.94749
9.16241
-0.552142
-1.15569
0.342801
5.7161
3.27017
5.19921
-0.129584
4.34548
1.74161
1.14714
2.69411
3.7802
1.32515
5.79532
6.17378
4.33111
2.72627
0.445874
4.3863
6.2336
-0.337983
3.7516
-0.259952
2.38046
2.27062
4.5589
7.17574
0.00559082
1.56035
5.36491
4.05819
6.61044
7.89961
-1.50809
8.08476
5.51892
6.79742
1.10232
8.83454
2.44405
3.73052
4.25466
3.33237
2.2106
5.49998
5.95229
1.8245
2.50615
3.62195
-0.367141
0.796655
-1.72622
3.27115
3.22201
2.77345
4.20145
3.08312
4.69862
0.60629
4.88574
3.6078
-1.65715
7.26857
5.04544
-2.78666
4.4362
2.60731
3.4772
5.86207
0.697117
1.56023
0.278045
5.51467
2.29214
-0.951881
1.00706
-0.186762
4.50048
3.13551
3.05162
2.17563
-1.71619
4.80889
2.49652
6.33862
3.51378
5.62371
3.205
2.44501
-2.21813
-1.17048
0.639912
7.53984
-0.948471
0.419094
1.16765
3.29701
5.08879
-2.23297
0.816078
6.12254
-0.0377171
2.95711
3.48709
1.0846
5.59313
3.94998
-1.72331
5.73071
4.28746
1.32454
3.05937
-1.86616
3.21814
-0.110407
8.86275
10.4164
5.0849
8.94149
-1.53891
0.602853
0.169667
-0.279947
2.17134
-2.22528
9.55894
-0.886975
-1.28592
11.49
7.71144
3.12502
0.657349
6.8023
-0.175969
-2.2936
4.09828
0.926216
-1.27402
0.525349
2.46321
1.20462
2.81716
7.54087
2.07619
3.7316
-0.889182
2.50074
1.57716
1.80733
3.37136
3.9776
3.0888
0.843656
6.23245
5.11092
-0.377121
2.37996
2.98439
3.9066
6.22256
4.93446
5.32991
1.63889
0.81025
2.3063
1.8456
-1.50187
4.05822
3.41611
1.18466
3.01725
7.16996
5.86357
2.53695
5.20851
2.58629
4.74831
7.20728
-0.662232
1.82525
4.1349
-3.94836
2.41061
-0.600639
-5.69077
3.65977
4.85219
5.97758
0.93339
-0.360744
-0.886328
5.44906
9.05748
-0.188783
-1.09607
3.26828
5.09088
6.19443
1.16392
-5.45901
2.94142
-6.32079
6.56834
-2.02782
5.16578
2.29069
0.796163
5.70616
-0.884823
0.226977
6.79056
5.55846
-3.03667
5.77541
4.0574
2.79604
5.28529
-1.46984
3.40799
3.34444
3.49638
-0.114155
0.406115
4.1046
3.34692
2.09356
3.99818
-0.154697
-0.0638622
0.270205
1.05399
5.28415
2.22411
5.33834
-0.66266
3.47518
3.15224
3.68785
-2.50891
2.69989
6.30753
2.19543
1.3134
5.56517
8.26952
3.25394
-1.4399
-1.53313
-0.100299
4.46225
-0.29582
3.38911
0.219325
3.35497
1.20244
8.09796
0.71086
-0.263789
1.81308
6.87632
2.45189
0.957751
2.3241
5.12045
1.70382
3.18504
3.29516
1.86497
-0.116815
4.7602
3.42366
2.78019
-0.056184
8.35479
0.190531
4.55603
-4.15996
-2.46768
6.25595
-0.244873
-0.443548
6.58558
4.50621
4.36691
8.44332
-0.375525
2.29483
4.89956
3.85443
7.19052
1.45561
7.24039
5.66909
-2.10866
-1.01247
6.53555
1.00269
5.97282
2.68306
2.69812
1.91818
6.21704
-0.486642
5.01027
6.54451
1.60385
3.83912
3.55282
3.3356
-0.381195
2.44188
1.15448
3.16372
1.27909
3.50398
-1.37726
4.62343
6.24826
3.49741
3.91579
1.11734
-3.03491
9.10185
-2.29352
5.14758
2.63471
1.58204
-2.40799
4.49069
3.53574
-0.905975
-0.526836
-3.04108
5.77362
8.13755
-1.65611
4.65244
2.22023
3.98008
1.94398
3.00504
1.15685
5.72439
0.701381
0.642673
2.27659
8.3316
0.0162329
-1.92016
1.60844
1.94116
0.306871
-1.20318
0.361674
1.65256
2.79448
0.657961
7.37225
6.47743
1.20737
7.06839
-1.36491
2.13972
4.33985
1.76456
3.8971
0.511469
8.57264
4.31234
1.58492
2.6255
0.395069
2.53735
-1.0567
0.891435
-1.03962
3.8747
9.62816
-0.286552
3.28755
-1.49284
3.06757
4.01065
4.49906
1.19027
1.53678
-1.6359
-1.63575
6.66953
0.566795
1.99747
8.21587
4.50525
6.36738
6.76181
4.69633
4.1263
3.71244
3.44836
2.29442
1.52449
3.2868
2.99731
2.31916
1.8071
-1.50215
5.19458
3.42541
4.22534
3.13134
-0.189297
-0.3133
5.68443
2.46239
4.27375
5.45726
2.32534
9.019
4.47724
1.32493
6.75489
1.43068
2.9201
6.1837
4.17813
-1.76593
-0.769152
2.27745
0.0737843
2.23105
-6.58995
6.96371
-2.69236
1.90758
2.62724
0.289789
7.49425
0.0195447
8.79655
-0.636694
-1.85709
0.834235
8.07256
-0.773832
-3.23413
0.343055
7.23911
0.446595
-3.76458
9.47534
5.51002
0.495124
7.12841
5.51963
8.85767
0.296478
-1.54363
3.42625
4.62339
4.90806
8.87201
-2.66311
4.7973
6.47512
10.3152
2.39119
4.2408
-0.77043
-0.341991
-0.719009
3.89486
4.05885
6.27927
2.89115
1.82902
-1.67811
4.88517
2.37835
0.224568
5.12697
5.67375
5.33779
2.55872
6.91242
1.5384
-1.85774
-2.58309
6.00447
2.02608
3.47302
5.74598
2.48542
6.72855
2.274
3.41633
-2.32114
5.56995
1.11569
3.71012
-2.62882
3.52831
-2.04298
6.82021
0.527829
7.19558
2.67232
11.2984
3.83052
1.51028
4.26751
2.28248
4.95559
0.984975
-1.6486
-0.6804
4.22609
2.04893
10.3168
7.58193
4.04087
0.971918
-3.25137
4.10795
4.71971
5.08231
0.6533
5.38879
4.04302
-1.14492
6.84981
1.37026
0.699353
0.187687
6.32132
0.0998616
2.14057
10.3654
-2.85622
-0.0304964
-1.19028
3.52604
-2.16312
2.48186
5.32556
1.59501
3.85324
1.26918
0.566463
5.03383
4.47095
1.42219
-1.26023
-0.29256
0.147004
2.71608
7.75324
4.3744
5.22431
3.0115
2.30887
3.65348
-2.02305
6.42463
7.32563
-0.550089
7.64623
5.43773
-0.530967
3.70447
5.35928
4.22832
7.69827
6.83295
-0.128017
5.74787
8.21003
6.82958
-3.68677
4.20465
1.34638
-0.364832
2.29919
4.0566
1.41849
-0.348968
4.68518
3.23102
-0.94771
5.91227
4.02132
3.71872
2.5595
3.47511
-0.18153
6.02333
4.56271
2.60075
3.03633
-1.52641
5.35164
-4.59039
0.585472
1.74704
5.46627
-3.05704
8.76491
-0.000381901
4.52459
3.14905
5.14797
-0.0600506
1.33156
6.52087
3.8154
0.258308
-0.0895701
10.2221
5.68092
10.2372
2.29643
6.57061
1.15698
4.19214
2.38257
6.30726
4.21431
0.857304
3.3543
5.10712
0.450216
2.47649
0.848076
8.27977
-0.438105
6.12683
2.49892
5.2142
3.34978
3.20339
-0.268701
0.252749
7.41021
4.5095
3.63675
0.989531
-1.50039
6.3879
-1.43659
8.12984
-0.109601
0.478466
-0.0661436
0.131254
-1.30399
7.38398
-0.0117715
4.0451
1.77626
0.960618
0.992749
4.55088
2.56097
2.80671
2.81991
-1.30783
2.83021
0.0218852
4.25715
0.843558
2.57491
8.97153
-1.00469
5.43597
-0.130014
6.32806
4.11681
5.27488
9.69264
0.657879
-2.33994
-0.0395938
2.07089
4.88663
-0.704761
2.13941
-2.57312
4.42259
3.74266
10.9791
0.4982
8.7831
7.41315
-1.01659
2.62209
5.78816
0.440119
-0.918888
2.99697
2.07032
2.84215
2.31508
2.25371
1.50076
6.9418
3.36093
3.14721
1.77869
3.14245
2.00192
1.16606
1.88915
2.25587
2.51528
1.70005
0.926244
3.97867
3.69141
6.01216
-3.9151
1.64527
2.31196
3.03061
2.1518
7.26751
4.4805
5.01754
4.12262
1.31226
5.37967
2.16758
4.20176
5.51592
8.76747
2.2363
4.51121
-0.0339959
2.83682
4.1108
2.32216
-5.0233
-1.5787
3.89071
1.82409
6.33068
-0.744447
-1.16784
0.437023
-0.424546
-1.36061
5.8176
5.19646
3.49288
0.435738
4.0935
-6.69506
0.591582
-0.178519
5.29089
-2.30514
6.67252
4.98222
1.09691
3.46213
3.79089
3.03243
4.90065
3.85852
5.32922
5.29728
12.0497
-0.844585
0.968034
2.49931
2.92388
7.24956
-1.22194
0.868154
-3.20352
10.5852
2.14658
6.97017
5.51058
1.57788
2.36314
3.64629
5.75356
0.0521286
1.48266
-1.18887
4.81115
-2.21758
5.47262
-1.6766
3.56431
5.7125
6.03049
3.35256
0.569061
0.230342
3.87472
3.59514
4.36629
2.77626
8.91969
1.8288
2.10918
0.634935
2.90547
3.43856
-1.31131
-2.95593
7.63705
7.13211
-1.75268
6.39025
1.07116
1.34056
-0.180268
4.18013
0.275439
4.03774
6.34406
2.61339
3.31341
0.483071
-1.23149
-2.11237
6.91506
-0.403278
5.58381
10.9744
7.92315
2.07675
6.4493
-1.93201
0.736117
1.41226
0.0653146
6.22134
1.46554
-1.07455
3.78729
3.05817
-0.485815
4.15914
3.62573
-0.407706
-0.447614
-0.0500182
0.0978904
0.647479
0.312227
13.8057
2.72185
-0.572389
0.109737
6.70446
2.99116
3.93794
2.13857
-3.46774
0.467207
2.19976
4.99474
-0.275718
8.73062
5.55253
0.179308
-1.2529
4.48211
-1.81316
3.00168
1.41115
2.82444
0.626607
4.96171
-1.91333
2.72015
-2.3418
-1.38186
7.53837
4.90656
3.85371
3.88613
2.09866
-1.57542
5.65938
9.97463
-0.554596
2.53898
-1.73793
0.488462
-0.236376
4.6359
2.42115
9.10597
-2.67602
1.68992
1.40115
-2.18281
-1.14533
2.25134
1.17185
1.27073
4.72146
4.61206
-3.25043
11.7003
-0.151521
-0.197765
6.03737
7.11405
3.50305
-2.3998
-1.62605
5.87039
5.44346
1.43077
-3.90137
8.47493
-3.75502
10.2595
5.69972
1.88387
-0.00132861
0.245398
7.06487
1.69162
7.74836
5.86394
-2.3984
-5.07224
5.14902
3.93426
2.092
4.81746
-0.687186
1.90306
-2.66166
2.98193
3.31521
3.81531
3.26117
4.69291
-1.01189
1.11831
3.062
7.75814
5.85922
6.33154
4.6622
6.69539
-0.0356613
-0.886202
0.957183
7.45108
1.85883
5.92413
0.979077
-0.531742
1.41841
1.27278
1.49501
4.93766
1.95095
0.851448
3.70046
-1.66498
2.47441
2.29117
3.57554
0.366869
4.66828
0.0160824
5.74504
-1.59959
-1.36575
-2.72342
5.10424
0.593827
8.45867
1.928
3.76061
1.06665
6.04605
5.94227
10.2887
0.279339
6.63264
-1.0817
6.43975
7.37793
1.24605
11.4016
1.14758
5.64302
9.70614
5.83946
2.9947
2.98466
-0.0267063
6.04547
-1.60718
6.82257
2.17043
2.37242
2.06509
7.18291
1.44778
-0.0220152
7.78988
3.80752
2.72331
-0.675905
1.73051
0.539823
1.8975
-1.46309
0.66164
3.98594
-1.72792
2.7932
5.12859
2.8151
6.82256
3.55745
0.736036
1.85739
-1.73698
-1.98513
0.493118
-0.0509346
1.78148
6.37625
2.34845
2.94486
6.44788
2.66707
0.214218
5.37539
-0.0394491
4.41026
1.93539
3.23457
2.67725
6.81437
2.87915
5.18934
2.5435
5.39071
5.6171
4.64483
-1.11947
-0.197696
2.11627
1.89166
2.72902
5.86674
-0.843004
1.51606
3.99785
5.44283
-1.41078
5.73992
7.46123
-4.87128
0.055414
0.330037
-0.000402232
1.6615
0.630184
0.14894
0.309309
0.975735
-0.0663964
0.150259
-1.52424
1.07104
3.44908
6.85046
-0.0433767
1.18575
5.40035
-4.43239
4.46969
-0.288405
-2.75341
2.2952
3.27227
3.32373
-0.325541
-1.75055
9.8044
4.80248
2.37737
0.35292
5.12054
4.04176
9.62189
8.71473
2.03767
6.46931
0.358278
1.67643
5.71104
-1.97978
-1.74735
6.58792
3.26586
-4.24129
3.86643
6.85007
3.28122
-4.05131
1.16652
-1.06765
2.34365
3.29778
3.10827
1.55203
5.37639
0.489967
-1.18357
4.93421
3.56514
1.41406
0.154984
5.5392
3.55614
0.124815
-0.282446
-1.89446
3.0935
5.59693
-1.58919
-1.01016
0.993913
9.27152
3.07924
-0.594957
4.712
5.13753
3.19946
-0.868418
0.449943
-1.93251
0.318901
10.5694
0.895619
4.38602
0.445474
4.27077
-1.05681
-3.20093
5.03134
7.82514
4.23937
-1.50088
5.57974
0.854241
5.49748
6.42478
-0.533529
3.35741
0.570615
3.75868
2.63635
5.18432
1.73426
0.0223412
4.43559
3.14772
2.74494
4.3076
5.30588
5.01299
2.16753
2.01992
-0.568061
2.35456
0.574691
-0.325683
3.81319
2.47915
7.09716
-0.772628
5.64533
3.06831
-1.6542
0.899462
4.02315
5.52572
2.15521
9.36592
2.40195
7.88811
-2.15523
4.88054
0.685183
3.89507
0.431784
0.386916
2.32014
-0.608079
1.284
-4.43821
-2.72952
4.31894
3.94676
1.78187
3.49345
3.03816
2.74118
3.50274
0.260132
6.75832
4.54337
3.89546
8.47049
0.098718
-0.471935
1.55418
4.20106
0.968698
1.37673
3.86504
-1.55647
-2.8905
8.72105
4.55287
2.94564
1.99636
-6.11129
3.02173
5.26642
2.58193
8.91157
-0.171238
8.35916
3.85768
2.86017
1.75498
5.52999
2.51507
1.19792
1.51473
4.9763
7.12347
0.296656
1.89628
5.12318
3.82372
6.72046
-2.30611
1.58461
-1.26323
1.05848
3.79818
0.127733
6.63005
7.13368
2.40025
2.2964
2.17192
6.69174
8.25765
2.18383
8.41704
-1.22861
4.68156
0.513822
4.74978
0.424066
4.88224
7.71807
1.36285
3.02003
-5.21335
7.40445
1.40773
1.48928
4.24885
4.56838
3.17989
5.33475
2.79515
3.47195
-4.94184
5.20655
4.7026
4.49191
0.0890786
-0.393269
9.44657
5.97833
4.69092
6.21532
2.45113
3.47916
-0.0640327
1.4094
0.280621
4.43622
6.88197
1.68826
1.98641
7.14772
0.470434
-0.957726
-4.1377
4.69597
2.66472
3.54864
0.882445
0.74611
-0.976254
-0.273225
6.56027
1.51025
8.97942
-0.0855528
8.01173
-1.83898
0.421693
2.0019
-0.923391
5.78939
5.45586
1.31004
-0.629033
-0.627166
-0.402931
1.17799
-3.15928
-2.44067
2.71844
4.27645
3.57767
4.59804
7.99019
2.67847
2.99454
1.2634
6.4729
7.65359
-1.65156
2.22507
6.53086
1.02331
7.93318
7.1847
3.69863
7.72904
1.63166
-0.407955
-0.389758
5.37025
-0.513037
9.19975
-8.36011
-1.05657
7.20988
-0.48745
4.09715
-1.3164
6.14628
1.93212
5.6856
2.67965
5.9826
2.80474
2.94818
3.4342
2.61401
2.90418
2.0465
-0.0714771
5.99073
6.18658
1.75578
3.90654
-1.93734
-0.535848
3.93186
-0.979393
-5.36544
2.43328
3.28538
0.126865
-0.916887
-1.9203
3.84994
1.35466
-2.80435
-0.878023
-1.99292
-1.60512
0.0225736
4.21723
6.86641
-0.0505136
-0.470116
2.84584
2.29754
8.24388
1.58963
0.909537
-1.61152
6.81529
-1.53605
4.29479
-0.268348
4.13615
6.34774
8.09182
1.18042
3.69002
4.67503
4.90128
1.07446
3.2363
2.16853
5.21176
5.65084
0.959052
5.97717
6.56719
-0.862103
0.082835
10.2407
3.4642
-2.47648
0.764546
6.27865
2.60928
1.18143
-0.722753
2.68427
3.72814
5.4498
3.18325
-0.218367
0.227075
5.50492
-4.44998
6.50684
0.168488
2.60355
-0.327749
3.18032
6.33204
1.88481
3.09564
0.412867
5.75755
-0.495956
1.88371
7.59672
6.54164
5.89102
4.61629
3.27371
1.55984
3.26523
1.23902
3.10385
5.86963
-0.362057
6.84855
3.18205
3.80465
4.05939
6.74121
-1.07376
1.03295
4.21216
1.70754
4.20811
-2.32022
0.273195
2.05863
2.12609
3.08355
5.63373
1.3372
-0.909117
-6.67029
4.49231
-1.14668
2.17519
5.13904
1.573
-2.59525
4.563
4.80768
5.18144
5.31038
1.3087
1.72409
3.64417
0.540812
6.21882
3.4669
2.63109
-0.102426
2.4899
1.92976
2.0924
1.86315
4.23723
8.45461
3.86642
5.85994
1.97867
4.49676
0.218505
2.47799
0.66021
7.63681
0.582563
-0.0654127
4.97919
7.83591
2.96366
2.45971
1.72606
1.87835
4.08224
6.26205
4.20996
-1.66363
5.00181
2.95864
1.75572
3.88194
2.76361
0.761801
4.2136
4.69095
1.96537
-1.08718
3.81626
4.91655
-2.07279
2.08151
0.332654
-3.06886
3.63752
0.609533
9.96216
4.42235
10.5415
2.58482
2.94345
6.91762
-3.91383
0.161873
0.0892099
4.20654
5.79068
-3.32936
3.57268
3.61255
3.4112
5.84563
1.03984
-0.205206
1.35406
-0.342992
-3.33744
2.13542
3.6751
7.82063
3.51591
10.9834
0.52673
2.03046
3.16409
0.819089
10.1158
7.23813
-0.909349
0.803697
-0.751386
-4.47381
-1.56959
0.467645
2.34603
4.58615
6.77412
7.6892
1.66977
3.66774
8.34525
5.17902
5.36534
1.67756
10.5462
2.62971
0.0170461
5.21046
4.11775
5.66196
0.939223
0.442826
-3.03432
-1.38275
4.59213
-0.823344
2.34615
0.610988
4.46754
8.81974
1.45364
0.30254
6.79432
4.49821
3.56667
-0.294701
4.82694
1.54421
7.09334
0.74499
0.963912
2.71317
4.48967
3.11736
3.48725
-0.996463
1.46437
4.36963
-5.86912
0.756743
2.48402
6.56547
3.22676
1.04286
6.12273
-1.27439
0.967267
2.87274
-1.15077
7.6542
1.0178
9.83942
1.45543
0.217015
3.66853
2.84784
6.12715
-3.2566
0.337841
0.0843095
-3.56385
-2.87464
9.91347
2.80488
3.01796
4.79619
1.31817
-3.80036
4.09468
4.11519
6.30301
3.34882
0.938169
3.77507
3.9783
4.97808
0.0588522
3.3843
4.00956
0.743552
5.4299
4.17745
-1.72882
-3.8832
-3.72232
-1.1296
9.03769
3.75128
-0.912039
9.65449
-0.170866
4.26443
-1.41239
9.1469
5.00655
3.31431
-0.397112
3.39
3.98618
1.31971
4.30434
1.18702
0.78872
-2.54403
-0.0654066
6.0863
5.69949
-1.32418
2.02664
-2.14504
5.78509
6.13251
4.65127
12.0146
4.04482
2.80839
8.05288
0.368963
-0.299796
3.9623
4.95968
5.53304
5.46292
-1.76459
0.869852
6.38542
-1.34916
4.5191
1.29112
-3.42343
3.46837
2.12298
0.543253
4.12344
1.48831
2.95143
4.52032
2.41897
-1.27838
4.55545
-0.909247
6.95973
-0.443003
2.85286
-2.12882
10.4846
-4.86475
1.03047
3.25131
2.57262
2.56901
5.69826
7.14155
4.43174
7.44357
3.98306
5.95487
3.43188
6.19042
-2.07342
2.94241
-2.92785
4.69637
2.19394
3.96016
2.57532
2.30802
4.14396
3.20072
1.70506
3.89841
5.77727
7.08442
-1.32384
0.166182
-1.78497
8.64661
4.02199
1.0468
9.01452
2.95842
5.39932
2.04658
3.1366
8.01192
3.63129
-2.08583
6.52787
0.0255937
2.68234
3.01179
-0.401366
-0.533702
2.6314
5.44628
1.74719
2.77302
3.3316
2.69557
1.73049
1.68422
4.31629
1.21456
1.6261
-1.36405
4.26606
2.84771
4.06357
4.82869
1.68751
2.22036
0.263277
4.28716
4.44443
6.2075
2.54509
0.741117
5.06593
0.784388
1.05813
9.61466
5.6865
-0.246549
1.06805
1.26449
4.096
1.52666
2.65908
0.00823436
7.28916
4.12577
6.02973
6.18815
7.8868
3.96795
10.5133
2.25253
5.63471
4.23702
1.03363
3.88254
-0.314572
5.19573
4.36367
5.77895
1.60575
6.53464
-0.678698
8.08542
8.62559
2.38237
10.391
3.71985
0.904296
7.65503
1.74783
-0.629507
8.22893
9.66499
-3.34068
0.321451
1.47519
2.20683
5.01994
1.69774
2.17345
4.1927
-3.36559
-0.306869
5.62609
2.03668
3.57367
-0.857275
1.27147
-0.630575
1.21118
5.67706
0.113636
2.39099
7.60845
4.07421
5.28551
-1.29344
3.8813
5.84675
5.20629
-0.39755
10.6238
-1.04955
7.43887
3.88379
-1.59871
-3.6109
-1.89919
2.32307
2.9255
0.220937
6.33622
3.89911
0.878851
4.92466
5.67028
0.751902
3.24112
2.36625
6.83508
1.67416
5.26702
2.04514
3.37521
-0.0835221
0.638605
5.58654
3.54793
3.26058
6.83357
4.55767
5.72054
1.7246
4.32599
7.10008
1.85849
1.14079
1.72292
1.65073
3.59023
3.81994
0.659855
3.42932
5.41952
4.44645
2.19044
-2.64387
0.0881127
-2.10455
0.566398
3.37352
2.41487
3.89383
-3.53841
3.11005
-0.364315
2.8535
7.87911
4.36694
5.15029
4.86544
4.09938
6.41011
3.78968
4.51493
4.78116
3.94288
6.09903
3.91334
2.2805
-0.342943
0.835538
-4.83629
6.34666
0.982495
1.69131
3.66911
-2.54979
0.391427
6.80805
0.419221
0.7488
-3.16733
2.01683
4.11399
5.87116
-0.971106
0.547116
5.1385
2.65633
5.66114
6.07409
4.18582
4.8072
6.83373
-0.206563
1.04609
3.30953
6.78936
1.02882
2.19713
1.18235
5.51662
-1.94904
1.21974
0.504631
4.4404
4.66199
-2.16034
2.26033
4.19314
7.80998
2.50588
5.99719
0.525281
1.60379
3.73632
4.45568
6.9365
-0.668925
7.14329
6.69138
7.17787
2.58067
2.75487
3.29633
5.9339
-2.54939
2.53676
-2.49476
-0.0809224
4.31196
-3.13785
1.60399
2.49265
3.20344
1.90351
2.75109
3.2709
4.17671
-1.77595
-0.525951
1.82016
3.1562
1.54639
7.29033
6.05693
2.66598
6.70673
5.65496
2.13908
0.877261
-1.61037
1.25234
1.07461
8.28837
-0.592161
0.756501
1.65046
3.26741
0.876362
7.1615
2.86869
0.81942
-1.22466
-1.10166
3.46338
3.56786
2.32824
1.2118
1.6377
7.67784
0.573464
3.2726
-1.93112
-0.620812
-0.367891
3.67437
1.17328
3.71197
8.26698
0.632167
6.20085
6.91931
5.77815
6.56999
6.50085
4.79727
1.79981
7.91279
-3.16425
3.2552
-0.102849
4.95362
3.42099
1.59663
10.185
-3.42105
2.53821
1.50307
6.82787
6.81439
2.91948
2.49031
-0.198268
-0.303947
5.42597
3.25166
3.34444
1.87001
4.0601
3.69347
3.49599
5.91005
-0.141319
8.37331
3.80869
3.6703
7.40454
0.551827
5.20643
4.82447
1.68003
1.736
-0.320394
-0.524714
-3.08579
4.42462
0.537561
6.8408
6.88089
1.88367
3.95114
0.889102
2.42579
4.00829
3.1366
2.07142
-0.503628
2.00105
1.95853
7.10595
4.77616
2.35418
0.969207
0.24571
2.70411
1.29465
3.9812
3.89215
3.86143
2.08924
8.24513
4.70136
7.22545
3.12257
3.39266
0.854864
8.75618
4.8294
-2.10239
1.93418
-1.93088
3.86873
0.869628
9.30865
6.32562
-0.456029
3.30772
-6.41406
-1.25849
1.87128
4.7861
-2.65872
2.06463
5.98493
2.50803
8.15398
1.32869
5.11859
1.92547
1.52184
3.86419
3.98764
0.646862
-0.212669
2.60158
0.502618
-1.97509
7.95319
2.57163
0.955189
8.06286
-1.07009
7.10273
4.26579
9.04235
6.9596
-3.89782
3.84199
2.08557
-1.40767
4.46299
2.20761
-0.573695
4.07052
-0.693777
5.27947
2.02305
4.9632
7.6615
5.12092
-0.758828
5.34704
-0.703023
2.55273
5.40007
3.30128
0.981558
3.15689
3.52538
2.81235
2.17451
2.21962
4.56646
-2.44215
-1.49943
2.07208
3.93797
8.90382
1.69952
1.74428
3.521
4.02757
7.55381
3.77329
-1.35564
3.93383
-0.439418
9.74437
10.6989
6.0919
2.51424
1.28867
3.36896
1.04276
0.306452
-6.0042
-0.42826
3.14549
-0.35417
5.20781
7.35595
4.14648
4.01128
-1.61254
-1.22153
3.03047
-1.09426
-0.384974
0.340833
0.965245
-0.95455
3.23072
3.1703
6.25084
0.693515
5.49522
2.82705
5.64518
-0.501986
3.30214
1.65632
0.851641
8.05213
0.454973
1.12655
-2.50767
5.46286
2.43664
3.27095
1.91947
0.140843
1.37164
2.35632
2.11076
-1.85533
-3.17975
-0.947655
0.420981
2.81108
3.84394
-0.404447
-1.59196
0.477217
2.56783
4.69007
1.38939
5.46819
1.22375
-1.5743
-3.83186
1.00628
3.14738
0.00392209
2.94881
4.20767
0.522575
8.53072
2.66407
5.48126
0.994822
4.79078
3.23284
4.70098
2.19891
-3.13446
2.46735
3.68298
2.86248
4.04739
2.42765
5.66387
2.60332
5.81797
3.52908
5.99943
0.275061
6.24108
4.96102
6.20637
3.18969
6.45338
-0.0695125
2.61906
-1.12699
5.6699
5.91651
3.76639
-2.31901
2.00929
5.12421
8.36872
1.02161
6.0369
3.23312
0.620619
3.91787
-2.62183
9.02428
3.08362
0.848334
5.15825
3.84541
-0.30408
4.43517
2.70792
2.7314
4.30111
2.05505
3.67197
3.83786
2.58344
2.05359
-0.0118266
-2.99486
5.77567
1.5815
4.1601
0.421484
5.98622
6.32153
4.24996
2.94063
5.06061
-0.304302
-1.31789
4.282
2.09255
0.399138
3.66217
1.69391
-0.625186
3.59524
2.19388
0.132116
1.29994
0.166891
3.06775
7.25072
2.39051
-2.23369
6.2331
0.353266
1.53031
2.62339
3.46768
5.51618
-0.182861
6.02331
0.872289
3.91493
2.09169
1.98852
1.72748
7.47345
0.404334
1.64752
0.680076
1.45494
7.03915
-0.474559
2.57135
-0.491886
2.25046
-3.97131
-0.900844
3.76962
1.92589
0.967214
2.88564
2.13276
1.59397
-3.41696
4.73717
1.60463
8.60896
4.09132
4.26035
-3.2502
3.09804
-0.0577857
-0.837792
10.3682
7.00437
2.60706
5.36753
6.63725
-3.56475
-5.65108
13.5284
3.49379
-0.0621499
0.525834
3.03873
-1.29512
0.627586
-0.839698
1.51147
3.84047
5.67859
3.93906
0.730386
6.73604
9.20588
3.98372
5.34851
4.62551
4.51631
6.67829
6.00733
3.22024
6.42846
-1.90069
12.335
5.69605
8.97648
6.66588
-0.14639
5.74773
2.3648
2.93581
7.43659
6.51443
5.79778
5.69131
-0.541209
5.78958
5.04947
4.53443
7.39969
5.25843
6.03717
11.3803
5.35679
3.49891
2.4205
4.77048
0.481036
0.975548
1.06897
2.94378
1.42136
2.771
-4.33204
6.66292
6.58729
3.39762
0.612385
1.61244
3.89126
2.09124
3.51857
7.40298
2.3732
5.35953
6.66296
4.84354
3.55228
4.49689
5.11984
1.57661
1.63848
3.38032
-0.221771
5.11425
0.464366
6.35094
3.26417
4.10073
3.66347
5.13536
0.0822305
6.84475
4.38143
-6.71061
-1.07244
7.21016
-1.01069
7.82589
4.44554
1.17385
-0.0752742
2.98937
-1.52432
4.48544
7.88445
2.81655
2.76063
2.4157
-0.317336
3.59121
4.13747
0.154328
3.73802
0.383293
12.2228
3.26777
2.90807
7.68802
7.57952
2.24145
-2.67776
-0.0414518
4.09363
3.70062
-0.198346
6.93569
3.46128
4.54577
2.34753
7.7549
2.14272
8.50068
4.55847
4.99712
-3.31106
-0.944945
-0.270818
0.783448
3.517
6.26353
0.265452
3.77215
-1.81669
5.34622
-1.46072
5.79595
4.724
3.67169
-0.26937
5.54582
3.56808
2.45666
0.822626
-0.525428
5.39046
1.99772
5.85433
8.36789
6.28936
6.17786
4.61818
1.48653
-0.170952
3.62897
0.623776
8.66521
2.39603
4.59577
0.26932
-0.953274
4.04321
-1.20726
3.35631
4.09535
-2.55443
4.62757
6.70475
4.88997
2.89918
7.35392
-1.38528
10.9023
0.166508
1.99519
-3.20676
6.81206
3.38396
-0.753626
-2.91046
1.23443
3.46217
3.62764
0.966257
7.47099
-1.0269
2.99955
0.119518
2.31393
0.644152
2.14667
2.45572
3.36007
2.18475
-2.95602
0.980981
4.4486
3.45583
1.49532
3.75165
3.76648
0.811883
6.97423
-1.42703
2.77227
6.27108
9.01608
2.99984
-2.74508
5.6787
8.84138
4.95765
1.18635
3.80799
1.24027
-3.51841
3.87618
1.53042
6.24002
1.88449
4.38796
3.91116
2.44617
2.76596
-4.34598
5.59988
-0.421248
0.69175
8.38885
1.46724
5.98339
4.62642
2.80186
2.43997
1.06633
-7.29535
1.04128
8.0806
0.861984
0.846689
0.0498914
2.54866
2.16235
0.59045
2.06645
5.805
6.19808
-2.79295
2.84857
-0.34776
4.05706
3.96682
2.24761
3.44108
14.7523
3.70596
3.12171
-3.19636
1.56229
6.91834
3.35301
6.3344
4.68434
-0.0046803
3.10756
-1.99965
1.10824
2.49459
9.89849
-5.5021
2.73367
0.925392
3.63379
2.33651
0.479558
3.29653
5.75845
4.94567
0.0672254
6.14866
5.54982
4.06663
-0.368077
1.66424
0.937781
6.47264
1.35606
8.49718
3.34199
4.72101
3.75938
1.30749
1.18742
5.21997
3.02449
3.33416
4.51592
5.69535
1.33559
3.62909
1.38727
2.2135
3.5671
4.70514
-0.133628
3.46653
2.17114
1.22658
5.37391
4.37026
3.12409
2.59787
5.12409
3.38438
2.40746
-0.153592
5.92452
6.63533
1.16966
3.05151
1.8738
4.36733
-0.327322
-2.07636
-0.242315
-0.69686
-0.958864
7.59739
7.86693
1.50886
10.5844
3.27171
6.0794
1.35391
-2.94398
2.22438
2.0272
6.12624
2.59012
-0.500813
4.77336
3.36185
4.92133
8.99246
3.15039
2.14797
5.8677
-1.4516
-1.47532
-2.57155
-0.393764
1.07678
0.226923
1.39609
-1.5987
1.60379
0.182949
6.83249
-1.53132
-2.6598
5.46577
4.28527
4.07921
8.79531
3.28958
0.38896
-4.01591
0.968813
1.50086
2.53406
-0.066715
2.46162
2.89474
2.29692
2.6401
-1.32794
4.18932
6.1226
5.32899
4.58767
5.30847
4.10656
4.92638
4.62149
-2.49145
5.90446
1.21528
0.0516823
7.55035
4.10362
10.6048
3.93089
-0.149119
-0.802163
0.686025
6.68833
0.475859
6.47676
-3.72995
10.4243
1.04755
4.65503
-1.54094
5.92816
9.45894
7.23411
1.51341
2.0875
2.61649
3.94749
2.26605
-0.0212308
3.25602
1.12452
4.08404
5.8736
3.72651
-3.41873
4.96398
6.44846
1.94609
2.25975
6.40639
-1.10207
6.96307
2.61081
9.77532
2.82893
-2.09099
4.31904
-1.93375
-0.375604
2.05224
-0.347821
2.78869
6.91361
4.6836
7.46537
1.11376
3.02192
3.97931
3.94048
3.01215
5.31141
4.56193
1.67094
4.59298
4.19601
5.45066
-2.94854
8.12903
4.35291
2.68002
3.20774
11.5666
4.78339
3.57305
-0.798067
2.96894
0.513706
3.79454
1.70338
4.84791
6.36986
-1.30022
6.10195
9.37236
4.91245
1.52319
2.94888
5.23461
-2.335
-2.09117
0.963897
2.64144
6.46659
1.24685
2.59493
9.65554
3.11616
4.26734
1.6161
-0.00866135
2.31572
1.82693
1.65169
4.84297
4.90234
2.34871
3.06045
1.76529
6.38453
1.94302
6.85141
9.23131
4.2624
0.931098
2.20433
7.89195
0.00869612
0.950277
-3.22325
1.54721
2.7841
3.21362
2.67751
3.63023
1.80894
2.61596
-1.55134
2.95396
3.43294
0.270741
1.61556
7.66156
-2.97659
9.17422
1.9356
3.21613
0.339616
6.76853
4.54071
5.12125
5.68252
-0.959456
3.01471
0.305433
4.02737
2.97072
1.51196
7.23004
-7.26918
0.938075
8.21181
10.8336
1.21201
0.329648
2.0323
9.93312
0.786354
-5.77014
4.80513
6.18835
2.50231
3.76702
-0.847824
-2.06907
2.59955
0.847159
4.6146
1.85138
9.56843
1.06575
-1.13077
1.8004
4.37693
3.2781
3.3479
-0.334655
-3.61765
-2.59564
1.94022
4.92983
5.40099
1.81041
3.3547
7.35907
2.81157
3.85696
3.63687
6.36856
5.79539
4.9896
4.53481
1.98522
3.72252
5.04913
1.94553
5.41664
1.65742
6.02163
5.72067
2.47173
-0.699133
1.50004
4.05113
4.15614
3.46537
-1.80627
7.64447
1.58352
0.0751772
3.87509
0.594192
4.54443
4.11559
9.51822
6.16191
1.80878
-0.0203965
0.779663
5.30965
3.02074
3.58488
3.41848
-1.74683
-1.22375
0.840138
9.72769
6.84287
2.65042
5.02751
6.89888
0.0925717
-2.3072
-2.62008
0.334039
4.0994
8.56252
2.02375
3.90992
5.22113
-0.416407
3.38172
2.86041
-2.27405
10.6898
5.85308
2.24377
-1.67188
5.76359
-1.49685
1.74036
7.15959
0.679416
5.24262
5.87335
1.33595
7.22788
2.22851
4.21226
2.51944
-1.82643
-0.710108
4.99824
3.18515
3.13203
1.56313
3.23755
-2.44401
0.423904
4.17907
1.11909
-0.0671941
-0.843242
0.0991802
1.27987
4.48167
-3.19222
9.82576
8.18541
5.53138
0.246247
-2.76914
5.62826
0.809546
3.50243
0.281363
2.08395
5.81731
8.8752
-2.72723
0.013259
6.56016
3.71878
-0.781416
3.02697
1.62313
0.944517
2.91884
1.40781
2.66027
0.814268
6.15153
-0.0478906
2.12589
4.15671
-3.25549
3.75923
5.61614
6.53832
0.318695
7.56012
6.84835
4.6002
3.94468
8.16439
-0.333226
2.08376
3.78948
-1.1459
7.73304
1.47334
2.41955
1.77801
2.35468
5.48812
2.99102
1.63591
3.78614
1.82562
2.26579
4.01357
0.514095
2.36736
1.31836
3.12514
4.15703
2.30472
0.499197
5.98525
9.19565
-2.59565
5.96661
5.38629
4.40106
-1.66747
5.03116
3.32673
5.90925
8.1911
0.984151
6.10673
-1.27484
7.28924
1.91262
2.54474
2.89573
7.35545
2.62259
0.462515
7.01999
4.24444
-1.47942
0.463459
-0.0863493
1.11719
5.89813
-0.231812
-4.41359
1.29427
-0.730558
-1.55854
5.34145
7.50429
-0.837632
-1.57895
4.34978
-1.0321
-0.639034
6.52092
7.0361
0.445576
1.9443
8.72052
0.592259
4.98183
4.3511
6.53273
5.67523
4.67003
3.29735
4.55363
7.41751
-1.94344
4.5363
1.17005
0.914982
7.37721
3.77478
4.80391
2.88314
2.31185
2.13732
-1.06415
6.42979
2.18387
3.89357
5.48177
1.17763
0.83262
-0.478924
6.19666
2.41407
0.0575335
2.32457
-1.45545
4.58749
-0.571658
2.32342
1.40947
0.844309
7.93357
2.47536
-1.05822
4.06788
4.18503
4.42842
7.74614
4.37625
9.95623
6.87597
-2.95054
2.86019
2.61979
4.55373
-1.63015
1.35682
2.27374
-3.37455
3.46684
-3.66113
4.32578
2.9529
3.37721
-4.84604
0.312611
2.44657
1.06827
0.237492
0.282737
5.53177
5.12409
5.48319
-6.56917
6.99682
4.47073
4.78509
-0.787143
-4.71757
3.55575
-0.702734
2.05457
7.46697
-5.00457
4.76306
3.80302
5.07022
-3.68411
0.394827
-0.0409568
-1.8418
6.606
4.86233
4.61347
-4.19698
4.22319
-0.234611
2.56531
6.63529
3.93341
5.13446
3.12285
2.70503
4.21637
0.965744
6.17701
6.14333
6.94349
5.99628
0.575004
0.935257
0.67099
6.88172
5.99126
3.02991
-4.39156
-2.67106
3.62642
2.69106
0.972876
7.26839
-2.37065
5.4498
0.490546
1.39964
1.24499
6.38282
1.61072
2.47726
4.06832
-1.99775
6.14232
3.80926
-1.72882
1.64843
0.0649686
-1.6486
4.72766
-2.72495
6.44333
3.74288
0.0963229
3.08084
0.184556
-1.27115
5.71728
4.64869
1.74177
0.912795
8.1264
4.11742
2.38754
-0.425242
1.37083
-1.58795
2.77153
1.92379
3.48328
5.94306
6.94629
4.85237
8.23386
1.64157
3.20443
-0.20353
3.20816
-1.20696
-2.84777
5.46999
2.89264
7.44376
2.95113
7.91796
4.22181
2.04015
4.38949
0.787184
12.3477
0.841762
2.40819
6.88563
-2.7033
1.11753
0.195123
-1.45215
4.96737
-0.10865
2.70323
9.54922
0.172331
5.77611
4.59354
-2.83596
-4.83718
6.8222
5.37591
3.22756
2.47897
3.38926
-2.22557
-0.728664
2.06752
4.34147
2.96708
4.4186
-0.286059
3.96843
4.96277
3.86083
4.1179
2.02925
3.91318
-2.21733
5.2914
3.33648
5.97085
-0.999841
4.32424
6.04926
-1.02368
2.2065
5.5171
5.59971
1.39597
-1.00034
4.40804
1.05781
-0.58209
1.88027
2.66245
5.21402
2.72646
2.61126
3.07183
1.41716
2.43549
5.63356
0.477696
1.55186
5.24387
3.17466
4.202
5.55757
2.33722
2.34842
2.6188
0.479147
4.58274
4.86869
1.80886
3.81292
4.10615
-2.04712
4.61023
1.68738
-2.83977
4.50009
7.97645
-1.61553
0.082581
7.09958
3.28835
0.598988
6.79975
4.10193
9.15834
3.6541
1.15863
6.20675
-1.38109
-0.932279
2.79849
-1.30714
-0.0589192
1.47375
0.227234
0.0888544
3.82074
3.81194
-0.218837
7.35633
10.0371
2.3245
3.95829
7.68538
-0.528285
-3.41121
1.06209
6.21066
7.9123
5.19215
-0.685845
4.26239
3.02063
5.14399
5.27958
2.24279
3.52464
1.34777
6.70365
4.28423
3.2806
5.52759
-4.50179
-2.57311
3.87309
1.39339
4.25416
1.38181
2.67098
3.71726
6.55679
3.13795
4.39475
1.32118
0.722504
2.32259
5.14847
5.19215
3.15743
0.873879
-0.542418
-1.57611
5.82616
7.83199
-3.53703
4.6553
0.45506
-0.230328
0.779764
6.76037
0.203294
5.99878
1.91226
4.01284
1.54975
8.5718
1.07706
3.85497
2.41747
-1.18032
7.99372
3.97029
4.32704
0.971603
2.30543
2.59578
5.18274
4.41145
7.48625
0.615807
5.47425
0.514117
1.53982
5.77735
6.75237
0.926682
-2.2961
6.45794
6.69339
7.54467
4.39199
3.04123
2.9824
-0.111711
2.84242
-1.40295
3.15867
5.58368
2.57309
9.17442
1.36539
7.86909
0.912106
2.43221
3.37994
2.5339
0.890757
2.97414
-3.58332
6.29832
0.929471
6.2619
2.59054
4.34603
4.80346
-1.2082
5.96392
5.23197
4.15197
7.80341
6.74773
2.7004
2.62741
-4.0686
-2.85873
4.29231
4.72534
-3.26501
6.06913
4.32134
3.23907
8.21243
0.875676
3.51733
1.67865
1.03429
2.54652
4.1873
7.00221
-5.67579
0.621902
2.23373
-3.65736
0.0539595
3.19632
1.14869
1.0873
4.75954
2.26215
3.4399
-0.222029
4.39079
2.71778
1.14984
3.16616
5.01573
6.02148
6.3154
8.02323
7.61946
0.481624
3.98326
-1.81969
5.78848
1.65368
4.02851
8.07299
4.11376
4.22652
-1.37157
4.87291
3.88032
4.98957
6.00052
5.85498
3.30932
-0.374588
5.97418
3.76333
1.81478
6.34143
1.55363
7.17756
-0.376216
-3.51696
4.52979
-1.01353
1.22056
-3.81245
5.43442
-0.459321
3.30129
7.95318
3.56246
-0.286112
2.44057
1.81831
1.83098
6.32386
8.88338
2.94358
1.64063
4.68464
0.59267
-0.93771
2.38284
4.94732
1.53107
2.46732
-1.51044
3.27431
4.84375
5.92729
1.59297
3.04931
5.0393
3.02399
2.99824
7.29502
2.14819
0.588538
7.08788
-1.49374
-0.0908936
9.44518
4.23306
1.76812
0.411008
7.86657
1.65423
1.16942
4.08208
4.007
-0.886493
6.00846
-1.26092
1.53414
2.98161
2.78152
8.55192
-0.886462
5.00481
-1.87997
1.99691
0.883926
0.821474
-3.10854
-2.55891
1.17046
-0.353009
4.68925
3.48614
3.80289
2.21555
1.67659
5.83315
8.96726
3.67129
-5.98052
5.11656
1.8771
-1.58077
3.63685
2.80895
4.19363
-2.45185
1.88948
4.50669
4.12779
4.25751
-1.72306
4.46926
1.41286
4.47071
-2.96759
9.648
-1.35701
-2.39773
5.11366
5.37809
4.38571
0.501043
7.64518
5.22686
4.1436
1.2358
4.78622
0.572376
2.44079
2.57289
0.827931
1.9329
0.363094
-1.09201
-3.57104
3.39305
-2.02254
3.01211
-0.274501
2.83361
6.97362
5.0829
7.71863
-0.374721
-3.67988
0.134344
6.93737
6.30597
0.210842
4.93111
-1.72172
10.3195
4.13735
0.765505
2.64255
2.38813
-2.44552
-5.65586
-1.18731
2.55725
3.94467
1.53446
8.70672
3.8491
-3.24229
1.66639
-0.171358
3.15622
-2.0379
2.95502
0.030683
3.86123
0.69818
9.43907
5.49164
-2.12397
2.83083
-1.95669
6.11037
5.72031
-0.354385
4.61236
4.34962
0.122041
-1.96251
5.40023
5.65119
0.898442
4.30261
6.2958
3.89069
-1.87109
-1.24416
1.57448
-4.58802
1.35491
2.24307
2.33524
2.83984
-1.62902
2.21814
-0.761449
11.2585
7.5712
0.610425
8.09293
2.21994
5.43738
1.69319
4.32114
2.66983
0.146162
4.97893
6.40712
6.99183
2.88343
2.46699
3.5164
-2.19074
6.99605
3.80574
-0.0451121
-2.60431
4.81757
4.72389
0.437163
2.78056
-0.377761
4.54406
1.1382
2.42167
4.92779
-3.99293
6.40439
3.44117
-3.34479
5.08373
2.17001
-1.15594
3.63203
6.43393
0.887717
1.85966
4.59227
1.55175
1.31091
3.40907
6.89849
1.7482
-0.410629
-0.724553
2.56625
-0.889737
-1.52948
3.22164
4.79202
-0.628696
2.07172
5.95618
1.81683
4.59291
2.75043
1.11868
4.59176
-1.78761
4.30842
2.65984
3.80003
1.72139
11.2795
2.02858
5.98726
-2.87466
1.75882
1.49594
1.83041
3.38293
-6.04992
7.33398
-3.30954
3.5709
3.42995
0.12832
-0.891603
7.01985
4.50726
2.89352
2.55024
5.52921
5.05742
1.60565
1.01777
-1.42362
4.21933
5.64805
4.03809
-2.30255
4.62259
3.42172
2.79017
7.24127
2.09246
2.82471
6.54364
-4.17208
2.95666
1.18395
3.73761
9.49129
1.52902
1.40842
3.58639
3.10518
1.12955
2.89351
3.24766
0.122954
2.85033
-1.18716
2.09367
1.79436
6.22279
2.11317
3.95379
5.76812
0.133676
5.63219
-0.0900891
5.55003
8.51591
5.14928
5.30022
1.30796
4.32363
4.33278
5.96777
3.21246
-1.00645
1.0193
-0.483471
6.9413
1.71442
2.1888
-0.958884
3.5467
2.7349
-0.132277
-0.129206
8.41428
1.16907
2.35453
4.62629
11.3944
4.03234
-4.33953
0.648138
7.83329
4.9497
1.95616
3.50611
3.81341
0.843145
0.086606
9.67835
4.46325
1.37559
5.11921
-0.658165
8.1368
0.190134
8.21092
-0.818139
5.32125
2.30218
-1.04342
0.34251
1.54067
4.59644
0.348216
-1.84359
7.33827
6.95064
0.00818782
3.29497
4.67442
4.81085
1.80743
0.502546
-0.614657
3.45395
3.34933
3.08496
4.1359
2.47494
1.08235
0.899407
2.61858
5.21222
3.0463
-1.09784
2.12227
4.91827
3.09669
4.01349
4.258
5.02526
7.08273
-2.2995
0.46698
1.34963
-1.89932
4.40794
8.37168
-0.274628
3.34444
4.68552
7.28619
3.23241
1.71026
3.45293
1.81881
3.43558
2.22709
1.15337
-2.64223
2.22814
3.39667
-1.17566
-0.0545146
6.22487
-3.47084
4.03676
2.15939
6.28416
-1.04515
-2.38477
-0.237074
6.28211
6.75474
2.20737
3.51869
1.70872
1.50177
8.72812
0.153767
6.30709
7.56562
0.241178
-0.184241
-0.0466663
4.51573
4.90439
0.540154
0.217597
4.14226
4.92528
1.62116
4.37991
5.95136
-1.56452
2.07817
1.0199
4.67378
8.01619
2.96349
3.21599
2.26198
-4.36554
0.999294
3.08391
-6.21019
0.677571
-1.01512
1.54799
-0.570783
1.22077
-2.66606
7.17027
3.00277
1.03946
1.50913
6.88947
-0.688933
2.35833
3.72632
2.27989
3.3521
2.41869
-1.10961
3.16621
-0.924784
-1.85834
0.0438269
9.24066
3.71958
1.41611
5.06382
0.063884
7.25124
-1.95017
2.80468
7.71375
-1.82105
0.141621
2.04916
3.72977
-2.23036
-2.29327
1.41858
2.04511
4.91933
-3.60006
6.21018
-0.192856
3.52936
1.71684
4.86554
0.726082
-3.15093
5.92584
0.395366
3.4974
-0.748806
1.96042
1.09537
6.16301
4.43667
2.26401
-1.49097
2.21216
5.43294
2.0831
-2.07536
4.51484
3.11793
6.47691
8.23458
5.63838
4.33513
-1.43611
0.713669
0.433929
0.0763522
2.64866
2.94513
-0.567274
4.11482
4.35762
5.49775
3.45622
5.90034
4.49204
-0.262469
1.79104
4.52828
1.8936
4.47052
8.0506
-0.881187
4.35627
-0.974962
3.1058
3.20929
4.48095
0.392876
3.9055
0.815648
4.16709
5.09787
5.0692
6.92498
10.716
3.79872
3.10327
5.59899
4.8692
-3.90712
5.21861
-3.25948
2.98641
1.74896
-1.63429
3.89321
4.70913
5.33368
9.08581
6.19133
2.81883
6.83515
6.67409
-0.321595
-3.35826
-1.86156
1.04758
7.22042
-3.39783
7.01518
-6.84789
1.29662
7.80975
-2.51562
0.131534
0.932876
-4.66639
1.05808
0.857615
3.59864
3.04711
2.89833
-1.45458
10.0737
1.48939
-2.52341
0.896067
-0.351908
-2.2462
6.57928
-0.460702
4.33801
4.94456
6.2327
4.13278
-1.73826
2.27575
0.764087
-1.11988
4.37133
-1.68345
1.40955
2.77557
4.76574
7.14529
2.15071
-6.843
5.15295
0.945895
3.2401
-2.1423
2.14304
-1.03789
4.38743
7.72397
5.30988
4.51575
4.31949
-0.0577095
5.01143
0.888012
3.49198
3.75414
3.11576
3.61944
-0.398245
3.01951
7.51164
1.34982
2.587
7.90941
2.41364
1.25644
-1.15302
5.98774
5.3542
-1.33286
5.22658
7.28795
7.69476
7.57648
3.61805
5.85827
7.15096
1.69116
2.4284
5.29258
3.76468
10.1905
0.314885
5.18178
4.69749
1.11133
1.2726
4.14763
1.09892
6.28283
8.43176
2.17596
1.92294
4.21351
-0.712014
4.65118
2.45867
1.19852
2.41828
3.18374
-0.0941606
1.6735
7.01948
-1.35654
4.70783
3.2313
3.73022
-2.68325
3.68839
-1.31638
2.63214
3.37508
2.33651
7.29323
7.62512
1.45958
2.11097
1.06159
3.04081
3.01191
0.381442
2.80154
-3.39096
3.38761
5.63995
4.52192
1.45941
1.54485
2.6431
2.32461
7.42597
2.56452
-0.45408
8.33913
3.06369
-0.228999
7.06687
5.24227
-0.399141
1.76188
2.31072
1.05526
-1.58168
1.14066
1.14601
-1.7082
4.45711
1.38585
0.0545059
2.40173
4.19413
6.61997
0.482562
3.14253
3.03723
-2.54699
1.91542
-0.813337
6.3414
-0.38246
11.5792
4.74355
0.220461
2.7303
1.70592
4.36087
3.39059
4.1328
4.87449
0.316995
6.85273
4.53909
1.99716
5.55133
3.3531
-2.15398
0.379201
1.79824
3.91165
1.92816
-1.59485
5.95659
0.462083
3.84663
6.99248
-0.452677
4.11335
3.41678
5.66222
2.35745
3.22335
0.934059
1.61385
1.60339
-1.08621
4.34492
0.838556
3.91474
3.48715
0.784615
1.01925
4.87615
3.1327
2.4912
8.8182
6.01295
1.68713
3.26374
2.0105
3.77965
0.285299
1.43388
-0.295765
-2.03957
5.20567
3.3266
7.14464
2.37848
-0.686471
-2.19769
-1.05658
3.72621
2.47146
1.46159
4.66611
-4.23417
7.03854
6.0884
4.07915
4.61385
-2.34009
-0.445051
1.43728
5.40251
4.89612
3.08804
4.35247
4.90346
6.55734
0.443919
0.800528
-2.06651
0.156523
7.68311
2.77657
-2.76263
2.01937
1.37848
-2.36889
0.560378
0.419599
3.99118
0.554054
-1.40945
6.72836
1.23443
4.55649
0.152702
-1.65732
0.0141645
2.54882
6.52037
-2.94119
0.697619
9.10665
3.99243
3.56917
6.80788
0.243635
2.54357
-0.060281
-3.16151
1.04119
-0.466439
3.37186
-1.403
3.33212
1.64637
4.22127
-0.214312
1.85578
-2.14566
2.09174
6.36268
-0.495017
2.71863
3.18725
0.471165
1.20532
4.9385
-0.515472
5.31326
3.81969
5.58693
4.41549
-1.56988
3.28591
-4.26709
4.74108
7.85277
5.58739
3.91601
3.17947
5.96822
0.651623
1.60935
4.36753
2.55498
6.70978
3.73296
6.56628
6.71709
2.44324
8.56934
5.31689
3.47188
-0.593848
2.51491
5.72581
-0.640257
3.65212
-0.98539
-1.29212
2.91846
10.0036
0.871969
3.88933
0.707514
1.24297
2.67702
1.52138
4.9418
7.72371
5.44415
5.47568
2.88839
-2.36601
5.15274
3.75674
6.53129
10.1195
1.33239
7.39376
0.378571
-2.4523
8.05447
7.40621
1.71659
2.38515
1.86454
5.96392
-0.466285
3.54779
-0.379395
2.76905
4.68968
6.2119
3.14601
13.3486
3.4701
2.27013
2.01299
3.54265
-2.99331
-0.549611
0.845331
1.69083
-0.0911807
4.38722
0.713728
-1.44561
4.42405
2.01929
2.20548
0.564042
0.349914
7.00771
3.61128
5.75825
2.53044
2.52053
-1.60657
6.83918
3.17884
3.95531
1.23667
8.37098
1.77505
-1.34928
3.18779
4.7587
0.432989
2.64243
-2.50666
6.63853
-0.00692853
2.67792
4.27787
2.16376
3.13817
0.417931
1.91703
8.88572
3.98491
-0.00633212
1.78206
-1.05087
-0.78136
0.790076
-2.33824
-1.36358
0.571917
-0.54726
5.09452
-1.05069
-0.123109
2.08015
-0.320449
-0.377108
-5.16696
-0.509777
5.00652
-2.07714
10.2513
4.95982
-2.72561
5.33584
1.03254
-2.975
-1.76323
4.39659
5.89688
10.0421
4.72882
-3.88243
3.46893
2.72953
3.22235
1.28938
1.93615
5.42746
-1.19668
2.398
0.697029
0.0136
3.65353
-1.81028
11.5221
2.51187
3.46548
1.93239
1.1565
-3.15171
1.60805
0.731984
5.03951
-1.3395
7.37402
3.3582
-2.39813
-4.53036
0.654975
4.3846
4.1801
-2.67097
4.24966
5.33162
0.656794
5.335
-0.188748
3.2914
5.96056
5.99258
8.11649
-4.06542
-0.382124
2.9014
7.81638
1.19844
4.35997
0.776244
2.77916
2.43013
1.48677
-0.200651
4.88267
-1.7603
2.8851
1.01646
10.0783
5.72896
0.0698953
-0.176116
6.03079
1.30226
8.8639
1.70434
5.26615
0.015795
1.44678
-3.29199
5.23175
-2.20483
-1.1347
2.23582
2.03593
-1.73015
5.31172
1.54394
0.441796
3.5916
-3.18598
4.68187
7.5388
2.65834
-0.490174
1.089
3.83669
5.13169
3.23206
4.40137
-1.07264
4.00485
0.2747
4.13297
-0.469107
4.88128
6.30722
0.256728
9.31305
2.2857
-2.64811
-3.94628
7.02896
3.36819
8.2491
-2.58253
5.82425
5.35402
5.37031
1.0954
8.40813
0.380193
1.16808
1.19828
6.00097
1.55232
7.52554
3.26309
6.7811
2.92173
4.76259
-2.47422
0.876583
0.487861
5.90316
1.98125
5.88466
4.81835
2.00423
3.75574
3.48747
1.49645
1.83585
6.17208
-0.0501716
5.09099
-5.03287
4.46093
-1.24845
5.28133
7.91187
1.53355
1.44211
7.88612
-2.33131
4.74329
6.89202
2.67444
0.521438
3.10695
0.324878
4.39374
7.49657
6.02074
2.01068
5.92065
4.72006
-1.09763
0.952617
4.94014
1.60647
-2.44158
1.67252
5.96222
4.21612
-0.160547
7.2995
2.79831
6.03907
-3.56352
0.895962
4.7302
1.1162
2.22581
4.22615
4.8828
4.40429
5.88336
5.12663
2.08274
-0.194883
-2.26876
0.594343
2.2832
6.22226
0.484836
-2.4555
2.91905
-0.804135
5.67847
0.698347
2.97534
2.29509
6.01248
-2.47188
3.08576
1.11038
2.43463
4.7789
7.83174
3.59722
8.40035
4.96482
5.80912
0.132339
10.8433
7.35869
-1.53993
3.44605
1.30004
4.5004
7.87849
0.730121
5.76504
2.53849
-0.20357
5.67632
-1.4078
4.09836
8.36199
-0.447456
-0.0206982
0.0454189
1.39956
5.9558
5.41128
0.941876
4.36478
2.1278
0.0265833
0.878938
4.67001
5.01469
-2.07081
5.44373
1.86158
3.37885
1.97022
3.59861
0.449005
4.8117
7.92174
2.90663
1.09146
0.837066
4.76024
8.70452
8.31084
4.65554
6.12702
4.8783
4.60377
-2.40399
3.41818
3.70407
7.28199
4.96656
1.15412
6.3117
-0.744557
-0.0986793
-2.67455
-3.17547
-1.25447
-3.40276
2.9528
7.50526
5.26152
0.968983
0.712108
5.20092
-2.46997
7.32334
2.75079
2.27938
1.16229
-3.71234
3.27116
1.23243
9.03317
6.80544
5.16301
2.1172
-1.24016
2.41511
0.682063
1.22066
-3.39131
0.205513
-1.82672
-0.80661
-1.72869
3.4411
4.09342
4.46568
0.360834
0.768837
1.77198
3.35647
7.60472
5.33285
1.60961
8.16218
1.90417
5.7937
3.27005
5.47739
3.23881
0.754742
-2.98224
5.78059
-0.590085
3.29493
0.217157
2.81578
5.64891
1.26648
-1.65992
7.16106
5.58839
2.14013
3.30214
2.46589
4.79927
0.23175
-0.349894
-0.481229
4.30605
8.40065
2.77956
-1.61121
5.9854
1.31379
7.23097
1.21615
0.00282323
1.32936
-2.45973
7.37847
-0.162078
2.01778
-0.951988
3.96475
3.84401
5.21499
3.24827
0.0397166
0.771215
-0.456917
1.61845
2.14946
4.92063
3.84956
0.440668
-0.829676
3.45763
2.25423
1.19677
4.06386
3.74479
-4.17654
0.896318
-0.953808
2.83624
4.14827
5.22068
3.67706
6.03498
5.73022
10.0197
-1.36389
2.8637
5.70886
1.42518
-1.71739
3.82652
-3.16288
3.43588
4.91171
3.9769
2.03448
-1.34356
3.62824
4.00637
1.14221
3.54375
-1.03606
1.25108
3.05181
1.48191
6.89193
3.24015
4.59424
4.2877
6.15907
-0.88367
2.83345
6.77551
-5.15946
5.96425
-3.82895
-0.0077267
4.17508
3.71687
-0.75962
3.39922
-0.334947
-1.33861
2.86273
8.62072
-2.99021
6.30621
5.1531
-0.48688
2.98631
0.77661
4.29348
8.26835
1.06005
1.68377
-0.334873
6.26613
3.40629
3.43604
3.07003
0.598945
1.49079
3.45969
2.79484
4.8671
-0.167333
5.42976
-2.50342
3.84202
1.47302
0.294335
4.92311
6.75704
-0.402474
1.97748
2.29883
3.83918
11.1635
5.91082
4.55715
0.124901
9.72954
8.28547
-2.4694
2.18853
2.44948
-1.3267
1.12177
2.72161
5.56658
2.42047
2.63567
5.387
4.83095
3.36938
0.45477
2.60193
8.5459
0.144849
-0.366814
-3.40485
-0.845909
-3.41103
3.0957
-2.60308
-1.79785
6.6875
3.30866
9.34239
-0.569778
-2.88384
4.3672
4.70701
5.20063
0.947377
-2.95784
3.41325
2.01208
4.52344
8.8999
1.29418
6.03188
7.23054
2.67178
4.41079
2.6992
4.65416
2.81092
0.759081
4.42904
4.04065
6.3352
4.39798
0.654926
5.69545
6.13934
0.639599
1.34251
2.43489
4.55387
-0.544316
0.434015
4.29275
1.30289
4.19734
-3.11638
-2.50153
1.80394
-0.113715
2.92286
5.75633
3.05788
6.02026
2.32582
0.870625
4.26876
4.34056
-4.07705
4.44165
1.9824
-0.49574
8.20851
0.830345
10.2855
4.33709
1.17582
6.03321
5.44856
9.1686
1.76812
5.19458
-1.33473
-0.596628
4.26447
4.05308
11.0688
5.345
5.87736
6.00623
2.7942
6.20674
0.640129
1.72234
7.53877
0.642568
-1.79372
2.91983
1.66983
1.67057
2.63202
0.0568144
-5.09231
9.70912
4.70669
3.724
-2.82456
4.51917
-2.89906
1.67581
-0.142926
2.53522
2.88755
-0.14178
-3.37779
0.559905
4.00914
4.67641
-0.188623
-1.10476
3.91972
7.92509
5.21094
1.82397
0.626117
-1.72534
0.767577
4.88678
2.47189
5.06698
4.31321
1.56748
-2.83801
0.438118
6.65622
6.12023
7.38622
0.752586
6.22666
5.23815
0.477228
5.85761
3.15133
6.85873
1.49976
1.90972
4.90178
3.30134
2.51241
1.29869
4.20748
-0.191821
0.624053
-0.195592
0.426805
5.8246
2.23114
7.55435
4.63221
2.12314
5.04981
-0.590271
2.57616
4.04813
9.37271
4.8323
3.97465
-0.866519
6.62328
3.3523
6.92729
2.10189
-0.201601
1.44787
-1.9463
-0.292194
4.79919
4.40143
3.48686
3.08058
0.893711
4.86905
-1.85389
3.52061
1.83158
4.55063
3.25162
4.72743
-0.415827
1.5465
-3.22568
1.02803
1.15409
1.85019
5.65715
3.75812
2.93716
3.90776
12.1772
5.34404
4.57375
5.82699
3.60193
3.1789
1.54064
2.15763
5.53931
2.99657
5.26377
5.53571
4.52988
0.167046
4.11665
-4.26866
6.35045
4.31118
-3.17746
-0.909543
4.58957
0.304794
7.73495
4.28153
0.426717
3.48506
3.41775
5.27006
5.23472
3.15209
2.41032
0.516789
2.90474
7.99762
1.76983
2.37213
2.97563
1.28422
4.73763
5.67763
1.55294
3.227
4.61002
-0.841352
3.79119
3.87924
5.13692
2.17203
-4.59203
-1.73018
-3.48681
6.08031
3.53317
3.12139
5.35393
1.14644
4.33753
7.57435
-0.706747
8.15227
1.42204
0.10682
2.37843
0.983823
3.0734
4.8473
6.54852
1.20645
1.27356
-0.726436
3.70822
0.552139
0.789658
2.36023
-0.986945
4.9225
1.47304
1.19988
-0.811865
7.94323
2.08429
3.70718
-0.353994
-0.17322
2.09787
8.96437
1.14442
1.10597
0.795983
-1.69032
-1.10652
2.33596
1.53916
-1.74021
5.88591
-1.50202
0.952194
9.83235
5.86825
-0.740646
0.620156
3.25886
0.264938
2.73694
3.68604
-6.60255
2.04448
-0.232288
-1.81345
3.96348
6.76433
4.67987
0.141655
11.8958
2.42779
0.582207
1.23503
-1.99077
3.70803
3.43827
3.53698
2.83489
3.89275
1.92754
1.52533
0.73259
-0.8624
2.59605
-4.74136
7.54828
2.98602
2.8236
0.326668
-0.457604
0.358883
2.14409
7.69
3.98476
1.04918
2.99212
1.57117
-1.4356
3.01086
5.1305
-0.350472
4.50581
5.4387
-0.539771
2.70174
-1.8989
-6.82499
4.00721
0.797426
-3.47797
3.69926
0.574839
2.97024
5.56082
0.0355306
-2.29212
0.10682
2.92321
8.91009
6.00787
2.11926
1.35376
3.01278
8.25784
3.93028
2.46456
1.69187
-1.24558
0.823758
-3.03021
-0.122174
4.74539
5.30509
1.62007
5.7527
2.70144
2.82857
4.00529
-0.33981
0.324516
2.79983
2.70469
2.36019
9.60048
-2.90427
-1.69008
5.74024
7.96546
1.84426
1.78854
-4.46897
-5.25817
3.19075
2.02831
-0.295121
3.80807
5.00904
3.20358
-1.43718
0.750359
0.699998
-3.65317
5.86105
3.32565
5.35694
0.78343
2.36785
5.81458
-1.54508
2.17434
0.81003
3.68697
4.42871
3.22183
0.255864
1.99444
5.63496
-1.7067
6.73461
2.86207
4.07798
4.22686
2.71759
2.45353
-2.37824
-1.4831
6.28722
2.05008
3.62299
1.38106
5.28501
-0.992912
2.97356
2.2382
2.02329
-3.78165
-0.0588641
3.87983
7.44305
5.31224
-6.50219
0.360858
5.66441
8.03296
0.0926749
6.93212
-0.0119755
2.69106
3.81983
3.00524
7.0795
-4.08614
-0.918886
3.67447
2.48358
2.13468
10.3885
-2.26211
0.0779323
4.28261
1.29429
2.24304
1.31551
0.934159
-0.0544398
-0.432074
-0.746182
2.72579
2.45576
0.270209
6.48276
3.24779
3.57402
2.68065
4.30494
5.97922
-3.72386
-3.86422
2.33981
3.8938
5.34648
7.00127
1.16033
5.07635
6.87071
5.65863
7.38361
1.78634
3.88391
2.03416
3.11387
1.59573
5.80401
1.59975
-2.72851
4.81199
-0.276254
4.12834
0.177527
0.0553665
-1.44214
5.21004
4.86792
-1.09143
4.60144
0.800697
0.717929
-2.92296
5.40731
2.35067
-1.15943
2.27605
6.41107
-1.03262
4.60048
3.83452
1.83893
0.0893689
-0.325489
4.12769
-0.126821
-1.66113
1.23078
6.24738
4.78785
-0.483208
2.73224
9.10083
3.85945
-0.669047
-0.0231057
1.91127
4.41291
7.45591
2.75962
7.55138
-0.757937
2.55306
1.20091
5.19557
2.11988
1.24232
0.261291
-0.243142
2.21393
3.89622
2.45119
-1.2978
1.09683
2.57405
1.69997
-0.75992
-1.38316
5.82143
7.15578
3.6252
9.01981
0.237258
-3.68235
-0.965563
7.54505
-0.104536
3.34626
-0.531808
4.86685
2.63579
2.19716
-0.212025
5.42104
4.49591
3.96225
1.60956
1.80249
9.33283
1.07928
7.61782
6.01465
5.09262
1.01757
4.3359
2.44405
9.97289
-6.29396
0.204813
1.42988
2.82579
-0.192539
-1.49592
4.59753
3.52616
1.66684
1.83688
9.37226
-0.415956
3.06858
-0.0526659
5.07878
3.1968
-0.732639
2.50284
3.49429
2.60245
0.5472
4.8825
1.44404
5.09887
1.12673
3.45824
3.47336
3.23413
4.53895
2.62335
7.86095
-4.26746
0.456764
2.03168
3.82083
2.02982
-1.47313
0.932997
-3.6362
0.0497454
-0.617874
2.16229
3.6784
4.65124
4.32424
1.44093
5.90799
1.24655
3.7361
-2.81907
-0.34981
3.34436
1.36765
0.34647
4.83153
-2.54007
3.22795
4.66861
8.32766
3.40905
1.33129
5.20313
-0.850951
3.33177
2.97069
0.356013
0.548506
3.69209
-0.0221293
4.65551
2.74918
0.363583
2.40206
0.8528
-5.5552
3.51886
-6.703
4.392
8.03216
-0.837245
4.92076
2.98921
2.10778
-1.1664
5.45743
2.51936
5.68531
-0.450425
4.23613
4.87914
-3.14022
0.705478
8.43024
2.68032
5.24846
3.14586
-0.826118
3.41804
0.782165
-2.09481
4.25011
11.1136
3.84424
0.0254794
-1.42481
0.807406
-4.87609
7.80353
1.51109
2.61573
1.14976
0.736166
0.385214
-0.406542
2.94241
6.56717
7.25509
5.33363
8.17555
5.37547
5.25108
3.57742
0.531337
8.02932
7.06202
4.54645
3.00148
2.95307
-0.835014
-3.73728
1.64264
5.74566
0.528944
5.7323
0.716643
4.10303
0.857915
6.30142
1.46734
-2.83948
1.903
5.20999
4.08292
-2.72053
1.05247
1.72315
1.26871
5.12976
-0.0348498
3.49472
1.57388
6.4002
1.34731
2.13681
3.5739
0.593179
-1.50698
2.47977
4.44573
0.542573
0.610731
-2.0421
2.40859
0.743921
-0.662092
4.51692
0.276847
3.61662
1.52757
0.578272
7.82788
3.26492
1.17288
2.4293
0.339095
6.52104
-4.26857
5.89136
2.15785
2.60669
4.20709
7.08125
6.19341
2.50868
-0.0733922
1.08409
-3.47607
4.13471
-2.08513
6.84784
-3.32861
2.99064
4.41558
3.30296
-2.02628
0.214189
4.32703
3.29229
7.80796
2.56594
3.97243
4.82516
4.01385
8.02685
0.196025
-3.09373
2.61715
3.96422
6.10733
4.23396
6.29116
3.51635
0.154679
-0.529209
0.498184
7.39333
-1.81223
4.18486
1.20987
-3.67444
0.107323
5.71558
2.53681
3.53284
-1.36485
1.82744
10.8107
7.61711
4.68086
0.255118
2.00968
-0.690855
6.66519
1.59794
3.88077
6.38411
4.61324
-0.530881
6.41166
3.17474
2.84964
1.63585
2.72784
5.95963
1.66115
5.74302
-0.99966
6.45312
5.2346
-1.32841
3.15984
4.82328
1.44918
2.79423
4.70899
6.45964
-1.61792
-1.93046
-0.232388
0.280154
6.65889
2.7568
0.18701
-1.43085
0.0162771
0.232992
-0.476331
6.79221
4.32756
0.503292
6.36789
3.70149
4.84497
1.20125
2.23852
0.413742
3.69964
5.63217
6.37231
1.59522
2.81317
1.6521
1.94385
1.24425
4.29087
6.18288
1.64011
-2.26665
3.81396
0.196424
12.1192
6.77134
-3.85569
1.69906
0.185942
7.46888
5.77671
9.22386
4.10466
-0.0262852
2.06643
8.70533
2.68227
-0.688987
5.80474
3.49816
3.50681
-0.0250746
8.24828
1.42609
2.05381
1.03165
-2.41954
4.27296
6.87539
4.40414
-0.430827
2.89178
-4.82385
5.28937
1.85586
4.53307
5.87903
4.90294
4.8074
1.26072
4.08005
5.60308
4.3856
-3.06642
0.56561
5.80741
1.90099
5.26169
0.795989
7.99589
3.03456
7.03636
-0.550832
2.68735
5.75669
4.36521
-1.78078
2.752
5.89515
4.57405
-0.0994766
1.0004
3.13835
1.36534
10.0357
3.65042
5.13258
-0.670902
0.688916
-4.96049
1.18778
6.46843
-1.36078
5.15174
2.91698
1.10624
6.09125
7.58213
5.83382
6.91939
2.84493
1.55377
5.3593
7.55278
3.0578
2.4701
6.19593
5.27878
7.55763
2.04472
-1.01775
-1.03071
-2.12028
1.77583
-4.19497
4.55888
-0.0819441
0.841417
-2.5439
4.12444
2.88581
8.80829
2.79563
1.22716
-1.61645
6.14783
3.93921
-0.254803
2.99904
6.49405
6.32965
-1.7814
3.83193
3.68789
1.67234
2.71344
5.49099
3.74075
4.27845
2.9299
-2.19465
1.55201
-1.75106
5.00553
11.1732
5.97676
3.50391
1.65721
-0.0145962
2.04386
4.595
7.23714
13.5546
4.38423
1.70139
7.81691
3.45982
1.90134
-2.84594
8.04728
-5.88176
8.00824
5.5682
-0.222127
6.85863
2.69361
3.68179
-0.698365
1.38899
6.09167
4.83113
0.555152
0.0731569
-0.261468
1.94143
7.03243
3.57813
3.27521
-3.98111
6.4556
2.2892
3.48135
3.71317
4.63195
0.588799
3.01727
3.33189
1.48264
-0.775835
3.59881
3.17461
-0.41797
1.61957
6.90645
-0.497936
4.77094
4.0811
3.66934
1.07639
3.35445
1.13281
2.81372
9.20794
5.45775
6.65995
6.2038
-1.58435
7.41562
1.3354
0.432744
3.75063
0.560828
3.5555
0.107782
1.91696
0.40715
3.23955
0.180497
6.93391
-3.79945
0.36978
1.90232
1.6147
0.12196
-2.14376
1.57032
1.18258
8.65152
4.8847
1.98907
-0.758283
0.227944
-5.20074
3.01963
3.65704
0.461018
5.43319
4.7655
-0.208885
2.78948
0.491098
-1.43038
3.37077
3.95691
3.44805
1.92574
-0.633414
6.98582
8.48293
-2.01779
0.772964
2.79518
3.37878
0.62617
3.53518
2.26907
-1.66629
4.69427
0.291868
9.52588
-0.958653
0.724028
1.59211
0.90829
9.03264
4.65389
0.726944
-3.64102
9.9398
4.61759
4.20356
-1.24637
1.13603
-0.314732
6.35027
-0.955078
3.63834
3.35261
0.537775
-1.24044
-5.61319
5.58776
1.34613
2.99738
7.18
1.31312
5.32554
0.153454
1.26334
0.649579
3.4196
4.75135
4.60433
2.48034
2.40157
2.00927
5.60292
8.27801
1.20274
-3.11188
-0.266875
-0.87359
3.32927
1.96202
3.60816
-0.932589
4.443
-0.136374
5.08586
4.50773
8.24993
1.50256
-1.36541
5.18659
-0.748948
2.77377
4.87861
3.14989
1.24743
0.459151
0.026485
2.96309
1.56616
3.40477
9.69587
5.13141
0.683309
6.03048
3.32564
3.08138
4.12257
-2.19385
0.878997
2.79342
0.291572
2.57923
1.92179
0.108367
6.52607
0.347132
-1.99079
3.20151
2.26715
-2.0852
0.891619
-1.43039
5.37529
9.14679
4.46455
-0.906951
8.08375
6.24498
3.15615
4.48624
2.7583
-1.70993
8.92721
4.47245
9.73945
1.3848
1.15664
-1.4688
0.347701
3.61282
2.25451
6.874
-0.159535
5.10537
4.23971
2.24698
5.38023
1.21505
3.36583
4.31483
0.295115
5.99778
3.36182
3.99081
5.78133
3.69468
2.70763
4.06613
1.75648
2.79283
5.42883
3.15998
-0.618499
4.47754
8.25312
-1.02845
1.74274
0.38857
-0.141796
6.88118
0.376658
6.64914
7.76619
3.79718
0.271844
0.664191
3.72071
2.58456
0.0278472
3.79846
0.645653
-4.19182
3.57639
2.31584
1.51312
2.25623
5.51028
-1.51325
0.426692
10.4736
7.03398
2.79955
5.79413
8.32871
-0.957369
0.173238
1.65623
6.85836
0.0217157
0.936396
2.07292
2.67715
5.07474
1.32972
1.41533
7.41279
1.71852
2.9687
6.39665
4.92518
-0.503289
-0.449921
4.97108
0.572901
7.38588
3.24959
2.61419
3.38652
0.770707
2.30842
2.00299
4.15442
2.04489
3.68958
4.15335
-2.62221
4.59016
0.835672
5.47749
0.378428
-1.92604
4.25286
2.23957
-0.282316
6.08268
6.8021
6.53707
7.16841
5.59807
6.11517
-2.50088
1.73356
2.54329
2.54584
3.38883
-0.296887
8.1285
7.18303
3.78687
5.819
3.16551
1.52959
-0.403461
7.05514
1.64595
1.22696
2.52348
-3.37369
7.96244
1.21908
2.89067
1.35035
-1.34022
-1.05884
0.6763
4.26785
1.22403
-1.57447
-1.2476
0.108472
-3.06448
4.37893
-1.50462
-1.17827
-1.69939
0.286234
7.61223
2.62895
4.07113
-3.63927
5.77399
-2.53962
4.08112
2.33778
1.96729
1.67439
-1.24736
6.81805
0.176483
4.50976
-0.472509
2.21014
2.12537
1.78385
2.81144
-4.8914
3.52463
0.847537
12.3311
0.427342
2.85286
2.62237
0.59222
-1.92491
7.42121
6.02262
2.45607
3.07839
0.352883
4.02479
2.13338
2.98763
-0.41051
1.70197
3.36362
-3.263
2.15885
3.74415
-0.0138692
2.93554
7.2704
0.813029
2.47035
-0.0353506
-0.037684
5.08038
1.83239
3.80337
1.11762
4.16067
1.5424
0.196594
1.03131
-3.89939
-0.812477
6.72923
6.26746
6.19398
6.93402
-1.30569
0.0545819
8.02805
1.4763
2.95087
1.34492
0.866337
6.23406
2.52539
0.372681
-3.92985
2.01299
-0.534668
-2.59345
-3.05602
5.74996
0.53915
4.02293
-3.54094
8.2725
1.20146
3.62833
1.10538
-2.39791
0.163683
-1.95121
2.90964
-0.925993
0.810358
1.02199
2.15731
2.67985
-0.457133
4.55947
3.28452
-4.18994
0.201891
-0.661371
4.3051
5.48549
-1.12044
3.14747
-5.62343
0.821529
1.49643
0.170477
1.55394
0.715581
-2.66837
1.40325
3.54743
-2.18293
3.96013
-2.27876
4.61549
2.60237
3.01487
2.89197
3.24905
3.28864
1.06554
5.69543
4.34302
2.97514
0.387068
7.11476
1.33405
0.682771
-1.2501
0.67432
4.67101
4.68903
3.33239
1.69955
2.87972
5.16433
4.41366
4.53905
2.93233
5.39362
0.368081
9.41198
5.00543
1.46056
4.13039
0.423801
-1.58385
2.72068
6.22065
5.69436
2.22671
3.85937
2.10198
1.89985
0.151421
2.5453
0.980956
5.56425
9.25593
7.98857
2.38004
1.89203
3.77818
6.31449
-1.86741
2.52775
5.52807
-0.339381
6.14282
6.67107
9.96793
3.29834
3.34813
11.8843
0.260102
3.62425
2.00237
5.78356
5.0292
6.36675
-0.0390853
8.01958
3.00636
3.53558
1.2542
-1.11978
7.28144
3.40953
2.58893
-0.367188
3.20277
2.06992
1.07039
4.13811
2.48341
-1.03254
9.30768
5.18711
3.58012
0.702087
1.43892
0.782948
3.3254
1.21473
0.567015
7.2531
6.2164
4.55536
-0.474092
-2.67678
0.645044
6.62422
2.78826
9.1958
-4.94249
-0.919294
0.36294
0.947215
8.08369
-0.0760035
6.22854
4.11721
5.01495
1.0795
2.89146
7.05128
4.01095
-0.886738
7.35597
2.39962
-0.952571
4.78654
-0.0950178
10.1965
-1.43075
9.54813
-3.03611
3.62981
2.25041
6.1124
-0.452419
6.12198
6.04358
3.02763
2.67684
10.3418
3.37276
0.510424
3.90223
3.5799
0.902565
3.86624
1.19503
4.12867
3.26831
3.35332
1.42439
4.98364
5.34162
1.80038
2.5073
5.5648
4.44764
7.73876
3.85716
6.28826
1.96203
4.02251
-0.237881
4.41669
2.69841
6.89565
2.5876
1.33615
1.84212
1.3052
6.24564
1.75242
7.35283
8.81445
-0.440964
6.15198
1.09905
6.1287
1.53875
7.74866
-0.558505
5.32874
3.37333
-2.12955
5.69123
2.61837
1.79392
8.3395
-3.78413
-0.13156
5.21834
3.26837
6.33983
6.18776
5.00192
10.0632
-0.00087197
1.27138
2.31626
3.56403
7.55054
-0.43133
-0.102309
6.87676
1.17319
2.77853
7.0875
-0.83649
0.398908
4.21294
0.254434
5.87274
2.38531
4.4703
3.78998
1.12775
2.84845
2.70753
3.14585
-0.393432
-1.82237
1.47714
-0.114077
3.46024
-2.88553
0.550694
9.43778
1.08556
4.73238
-2.44743
1.55646
4.74055
-1.00475
5.51379
-1.62047
6.6131
2.15718
1.24102
3.3089
-0.0102474
6.54315
4.52577
1.37459
1.53272
1.48232
0.763401
3.28874
-2.1278
6.47036
-1.84911
9.06908
5.54008
2.28923
6.09029
2.72992
4.27791
-2.56569
1.145
4.58562
6.20114
-1.53995
0.235457
4.78322
-0.435936
5.30289
-0.325797
-0.292168
9.18613
-1.90896
0.266984
7.03255
4.25842
6.00778
3.22679
-0.396042
0.654892
3.29223
3.24653
5.41092
-1.30231
7.42146
3.25614
2.9711
3.99909
1.04133
2.23277
6.56455
1.31786
6.61967
4.00211
4.03623
5.19001
2.65641
1.15733
5.77946
1.60365
1.84267
-3.4823
6.80833
7.41005
7.12684
7.54603
1.68288
-2.42606
0.505025
1.03778
2.04018
0.109739
-1.67728
1.98217
-0.79958
1.75814
8.56611
3.90788
2.81553
0.891949
11.542
0.521696
8.22135
4.30122
6.70799
0.498932
1.22798
0.450785
-1.80475
2.82386
7.02724
-0.382734
2.63142
-1.22271
6.10341
-0.122489
7.78953
-0.199741
1.43766
1.72248
1.12725
0.189537
1.5227
-4.06706
3.61169
4.22446
-0.435187
-2.49836
8.11454
1.63411
6.35439
1.55264
6.92057
2.66932
0.793335
5.21036
-1.07735
6.86764
-1.70843
1.99537
1.57966
-0.758774
7.37702
1.51237
6.10215
4.75437
2.04141
-0.010564
2.09923
-3.47519
3.52146
6.58526
-2.11479
3.43792
8.41974
2.8037
1.04886
6.33207
4.25072
3.16621
5.63327
3.21641
6.07461
2.46204
3.28378
8.50381
-3.53628
4.03978
3.92897
4.24035
-0.126117
2.15578
6.25358
3.68391
5.93665
8.92496
5.42434
4.52167
3.99395
3.4762
8.80984
3.31912
3.86643
1.85924
1.73676
4.42164
3.41158
6.25348
9.92145
1.37465
4.09942
4.15643
4.14329
2.04978
2.51612
-1.76807
0.997393
3.44195
2.89802
1.78591
4.68464
4.85362
2.27605
0.462914
0.949803
7.20761
0.363837
-1.3777
-1.41054
10.1412
6.65088
3.57911
1.21204
-4.48709
7.53179
-3.20802
-0.900223
0.381158
3.73973
1.80487
9.23324
-2.5985
0.90495
2.3981
5.71191
0.596438
7.73599
7.8973
4.58487
3.2366
5.46922
-0.0611834
2.72502
0.569081
9.50614
0.734529
9.38195
-0.31069
-0.547382
7.2314
1.13478
0.868603
4.46835
0.802248
2.42711
4.95621
-1.16959
6.44884
3.65704
2.63163
2.32587
2.47888
-0.60566
2.46196
2.93674
3.93585
0.11431
0.353303
-1.12402
3.29284
0.583991
1.9922
4.66259
0.272013
7.42954
-1.24364
2.7018
3.97108
3.10396
0.637932
1.2468
4.21213
-1.05668
0.297055
-1.48608
-1.29801
-0.0766193
3.993
0.503548
-3.11218
0.269797
2.14463
5.30756
-0.734906
2.703
-1.76283
4.18496
5.34827
-1.05584
-1.85218
1.5884
6.261
1.84922
0.146059
6.41789
1.59016
1.54222
8.30932
4.72206
1.82849
1.37107
11.3194
3.06478
0.834294
0.445687
-0.328581
0.52903
-2.61533
4.12189
-0.309843
4.18186
3.06883
2.58765
0.0125549
-3.38827
5.92772
4.08719
-4.07937
0.618281
1.91991
-1.16423
2.4503
3.30422
8.17197
4.60901
6.29166
1.83114
3.4529
2.71057
3.89656
0.62697
3.22727
4.46035
6.09248
3.61916
4.66738
2.81257
3.79769
-1.09194
-3.29707
0.461285
0.998514
1.64645
1.41941
-2.86293
-1.02661
4.28406
-2.28816
-0.036402
4.2184
2.6164
7.94448
3.75871
0.609072
2.69202
2.50758
-1.09403
-3.88011
0.0233396
-0.145642
0.434978
7.25332
1.39271
4.15986
1.51687
0.0956196
4.12883
8.92063
3.23989
4.40377
0.437977
6.21554
2.18978
4.8271
3.84885
2.58498
4.326
9.81877
-1.42095
-0.34774
0.320496
2.28232
6.24051
5.54108
1.10312
3.34989
2.78725
5.52199
-2.71072
4.16717
3.43147
-1.61325
4.70602
-3.26414
0.633456
-1.08512
-3.31462
3.96543
2.92636
5.75233
0.0735283
-0.315712
5.61871
5.53746
0.250724
1.65409
3.67268
1.37498
0.363006
0.502683
4.92109
5.82546
3.51113
2.8275
-0.159953
2.58698
-3.09955
1.8279
2.42397
4.52806
-0.146258
3.08935
-4.91881
-3.01456
-0.304593
1.11098
-1.57783
3.51031
-0.632206
-0.921114
2.15016
5.41296
2.44869
7.47829
2.56962
6.30735
-1.69303
-2.54897
2.0924
4.87891
0.486791
1.83969
3.28738
-0.343628
7.6492
-0.245588
0.900844
3.4493
2.48942
4.68657
-0.90812
1.05526
6.56831
6.58151
-1.88721
0.175817
1.94762
-1.62973
-1.89467
7.1228
-1.60845
-1.50282
1.22171
2.84747
-4.42932
3.75996
7.00367
1.23303
6.72421
0.226922
-1.45227
2.01647
4.28119
0.939406
4.83449
6.79781
3.80996
0.856202
-0.81274
2.13119
4.73089
11.0745
6.40905
1.90367
2.80593
2.2526
5.06095
0.897006
0.815214
2.19997
0.245362
2.82376
0.654733
3.34424
7.56923
-1.90068
5.76228
3.29085
-1.53267
8.29676
3.01388
-2.05495
-1.49159
3.34937
8.1462
1.93459
3.95637
1.58623
4.44646
6.8892
-0.020427
2.46566
-0.188916
2.72125
-0.26511
1.39784
3.39985
-3.03894
6.64241
1.83621
-0.516258
4.82901
6.80339
2.03415
7.15373
2.27632
-7.17417
5.45916
6.90282
7.54281
-2.34798
5.2384
0.390365
5.148
1.6187
1.48053
-1.94012
7.00214
5.39015
1.90609
1.77158
2.42285
8.55985
-2.62266
2.44262
1.54543
6.99614
0.98622
7.8125
8.72027
-1.17755
4.15015
-0.199923
6.97492
1.10217
-2.37898
0.197823
-4.17515
7.20765
4.60536
4.07947
0.269269
-2.80431
3.40358
4.82154
-0.379649
6.05906
6.06271
7.31814
3.51203
-4.64735
3.51282
4.60616
0.669576
1.72524
1.65543
2.84985
-2.31654
3.0284
7.59762
7.36441
4.05779
-1.36523
1.50656
1.69569
2.39801
1.62853
0.968658
1.48884
-1.73587
4.7244
3.90761
2.70561
-1.39055
2.1145
1.55847
2.97198
6.34108
4.44995
6.23306
2.41256
6.54702
4.61785
1.1896
3.26372
4.9662
1.96295
3.00985
2.81384
-2.29946
-0.145776
3.15521
3.89588
3.00786
3.65308
5.43711
-1.37262
4.35649
0.302715
0.0073223
5.47983
-4.82524
2.61302
4.54699
1.16647
9.0407
0.313117
1.5962
-2.20178
8.30373
7.45377
2.81732
-2.66972
6.32061
8.21465
1.00397
6.91042
6.73157
7.68883
2.76214
1.41732
8.11753
2.68467
0.456951
4.95972
2.90735
2.23468
4.76685
2.63016
2.07745
6.92456
3.93984
1.88961
2.34775
3.61161
3.71938
-1.92419
8.74371
6.40495
0.308122
2.2749
2.47543
0.730064
5.23854
5.83591
-2.00893
-0.99338
3.65518
5.9864
1.59417
5.66487
0.667044
5.00733
-0.902108
3.44762
4.70092
7.15282
7.65161
2.88558
4.0494
1.99161
-2.98841
2.86985
-1.15188
6.09494
3.41917
4.83159
6.82808
6.33093
4.59595
-0.316283
-1.55958
1.70673
6.51996
1.88498
0.998008
2.94261
2.47951
-2.57241
-2.09991
-0.699643
5.54773
3.82764
1.25169
3.11156
2.55859
2.53331
-1.95038
7.26384
2.47785
0.0100631
4.49068
4.57002
3.56571
9.40901
3.63384
5.52156
-2.85116
6.85021
2.87959
10.2535
-1.03845
4.35936
0.282016
1.8164
-0.229462
5.05475
4.5012
-0.255979
2.96132
3.54031
-1.154
2.75693
0.404111
4.13382
6.46487
0.642686
-0.497476
9.52516
5.0437
1.68939
6.50434
2.32306
4.06427
1.35759
0.483136
3.81982
3.79353
1.01293
3.11697
2.9974
3.45414
1.17537
-0.499246
8.94426
0.37503
-0.196563
0.141985
-0.327965
10.8943
0.0502552
6.08077
4.09748
3.06037
5.87649
-0.949438
3.43603
-1.06326
3.12155
-1.30704
5.72447
6.57153
2.59789
3.18798
3.99448
1.32272
-0.282205
6.18872
8.37779
4.60665
2.51086
1.48914
4.00893
2.96721
4.48788
0.885422
1.2679
0.421471
5.09708
2.15058
1.73889
2.83632
2.53131
3.31689
8.00746
4.76722
-5.94294
0.528584
-0.293218
0.0449917
2.44542
7.97938
3.13665
1.20973
2.89701
-1.72088
4.50837
11.872
2.43831
0.278226
2.733
4.99626
0.334514
3.17078
5.22214
1.56354
5.58575
1.48552
1.66648
4.60865
5.63979
7.53226
4.43352
3.68609
1.24013
6.24331
0.749139
4.74573
4.1065
4.66386
4.86803
-3.01284
1.58794
-5.48331
-0.269527
5.84032
-3.02346
5.12533
4.5398
-1.99638
7.46937
7.33945
5.50583
4.61187
5.77605
0.769427
8.36342
2.39193
4.16453
5.84596
2.05355
2.65409
4.44608
0.358306
0.104448
0.0797399
2.88546
3.78586
0.828797
2.68663
3.73896
2.9107
0.862797
6.09322
3.87256
4.36095
10.3339
3.12385
-3.53733
1.24911
9.26331
4.30356
0.605265
11.2619
2.11522
5.7792
4.63776
5.65244
3.14355
0.509603
8.33611
1.39675
2.02873
1.31267
5.34231
0.405697
3.29453
9.27085
12.6322
6.1826
2.87973
-1.49194
2.03158
-1.19513
-0.464638
-0.0797845
1.43584
3.00269
6.71429
-0.628667
0.454382
6.5438
0.65374
6.46155
7.67638
1.82641
0.659278
-0.168235
3.3079
0.859163
-0.210035
11.1826
-3.3563
3.38356
1.22728
-0.818048
3.04276
6.47157
5.04969
-1.72475
3.45307
5.71915
4.24111
0.293414
3.21634
-1.22023
6.85813
4.21356
0.263773
-2.1501
5.22397
4.64724
1.31277
2.39747
5.06729
2.56563
4.74562
6.23613
0.665908
7.85594
7.54902
3.90654
-1.98687
1.7514
3.89058
-0.500402
1.15957
5.9314
6.80794
5.6925
3.28776
2.45541
-0.468877
4.04165
1.84148
10.6669
3.06459
2.75316
5.23982
6.62475
4.17854
3.39545
-0.164606
2.21171
2.0918
2.03424
5.76334
-1.82433
3.55252
-0.191529
5.76136
-1.08746
2.54581
2.81782
3.36716
-1.3806
6.149
5.96587
4.39188
-0.780476
2.9864
-0.79106
1.99408
1.41587
1.02437
1.72667
-0.897519
0.32392
0.86174
6.27904
8.63047
2.33337
1.27936
2.46123
2.48056
3.77519
0.755529
4.15979
-3.23939
2.96039
-1.41353
-0.0504356
7.66112
3.13285
1.17816
10.0444
3.36317
1.85341
0.584839
5.06518
-0.0554026
-1.02751
0.120999
0.745199
6.89931
0.959753
0.125072
3.55459
-5.34155
7.15263
5.06192
0.763835
-3.25556
3.50967
9.8764
2.61425
5.16505
6.05459
6.60052
0.418338
1.93764
5.83803
1.59405
-1.89209
3.98097
-1.77857
3.38955
2.86021
1.4187
0.503747
3.79133
0.868011
-2.06147
6.43843
4.41274
2.14652
-1.78015
-1.40133
5.48508
1.24213
-2.57702
8.36825
4.92369
7.60206
0.154242
0.452397
-1.4143
3.39304
-3.93371
0.602544
5.79009
6.09452
-2.96121
6.11925
-1.53338
3.59348
4.829
5.55496
2.73258
1.08292
2.42454
1.82072
3.33529
-1.35139
3.25947
5.70058
7.45417
3.02418
2.30935
6.76396
2.28932
2.00219
4.15373
2.16876
2.15242
4.239
0.44687
2.7325
4.53531
5.89257
5.56776
1.93723
0.599614
0.824143
7.1512
1.40826
-1.13711
2.78217
6.36589
4.58666
6.54534
6.96284
3.21627
4.96483
0.974613
5.72322
2.75805
6.06766
3.69196
3.60898
-1.83968
1.28577
1.57628
2.95918
-1.21012
2.14409
-0.14925
7.0943
6.0594
2.11688
5.34935
6.26683
-0.100215
3.56078
7.45579
-0.76557
4.40134
0.966436
2.19478
6.06719
4.85535
0.967818
3.02686
3.63144
3.88454
2.47942
2.34975
5.34888
-4.28232
-0.132358
0.295655
1.54723
7.93798
2.3024
-1.45975
6.80508
-5.26549
3.70131
5.51162
0.275058
9.98055
4.84871
2.18516
0.938809
5.80893
4.58876
1.06127
5.03905
3.74849
5.15483
-6.16008
0.356172
9.63047
5.99174
-4.72161
8.94166
0.860975
10.7633
1.78626
3.15902
1.72836
-1.94147
0.131329
3.07419
8.04524
3.20542
1.72667
1.88604
4.2125
1.11876
6.57785
-2.6168
0.70138
6.91432
1.21921
5.74283
-2.48797
3.51301
6.53658
0.39627
3.70372
3.5197
9.78547
1.86217
1.79979
-4.45928
-1.54961
3.62968
-1.26267
-2.42706
2.76655
6.46681
-2.92148
0.371341
2.19572
2.45017
4.11198
2.99595
5.1724
2.39969
4.32458
1.34607
5.63911
0.984279
4.19058
-0.913088
2.23228
0.83417
-5.37886
7.27868
-0.0534485
3.19479
8.34833
1.74371
4.83982
7.54524
5.45384
1.47435
4.68155
2.27492
1.07737
-1.70259
-2.406
-2.04396
4.62931
9.11634
3.59725
1.30671
4.51943
4.90677
-0.686202
1.73867
0.913571
1.55725
5.71857
6.19044
3.78941
1.76423
4.29181
1.27478
4.77143
-1.17994
-0.528918
5.55663
7.10965
1.1813
1.14997
6.56873
8.90016
2.77427
0.507636
6.03218
4.38343
0.570447
3.96388
6.61236
4.12964
1.85712
4.28481
1.38201
1.75053
0.712149
2.44986
4.78389
7.03008
-0.922284
-0.546748
2.64083
-0.393268
2.58374
5.87558
1.11405
3.74141
3.77169
0.020539
-0.158728
1.17116
7.70372
-1.84239
0.278794
-2.27687
4.14698
8.72269
2.79464
5.59465
-1.24154
0.430103
-4.27792
3.0684
4.5324
3.17077
7.15205
4.17215
2.96695
4.2626
-1.75021
5.49554
2.97728
4.67063
-1.55098
0.214636
7.9808
10.3955
2.05422
-2.26905
1.48578
2.94592
-3.65327
0.88286
4.93976
-2.18278
-4.84778
2.40809
3.66399
5.81703
4.95213
4.16602
6.95986
2.68754
2.59459
3.19319
-0.492588
7.30613
6.56391
-0.836672
2.36485
5.0707
1.32619
6.87234
5.94878
-2.78591
-0.723905
3.13345
9.46279
-1.3071
4.69288
3.80341
0.942624
0.517908
0.273946
-2.01652
1.18076
1.40801
1.38046
3.40831
5.12462
1.79408
8.49954
0.122692
3.96445
0.598859
4.98909
4.42603
0.255939
3.7331
7.99105
1.74009
-0.942776
0.479927
5.19799
-0.0818714
-2.57501
5.50765
4.30795
-0.353522
-6.7603
-1.17275
3.65403
3.67986
3.33959
1.93797
2.12245
3.65102
1.39814
2.05016
6.80284
2.47117
4.29884
2.43284
1.54338
5.16391
3.42432
5.09188
-1.74622
14.7198
-1.44192
0.628011
1.52464
0.391127
5.35419
3.04651
7.04603
3.93327
3.21562
4.0874
1.50856
3.43409
2.58602
3.44008
3.42365
4.49072
-1.08539
2.65576
5.59817
-0.284705
7.17677
2.12504
3.63032
0.798248
1.42721
5.59963
4.40886
6.17196
10.4997
1.53241
7.57761
-2.90351
5.32538
8.38759
4.53503
5.12458
5.80967
3.45792
2.45701
4.53532
5.42132
-0.907874
6.93412
5.22377
4.86272
7.31461
4.23102
2.59874
6.61124
2.34338
2.38598
2.1848
1.64866
-4.06771
0.685585
6.25009
0.616674
1.17871
4.47484
2.12387
5.6096
6.54981
1.04579
2.0532
2.00066
2.03092
9.08446
5.49814
4.19256
4.61757
5.0754
2.35141
1.9909
0.70814
2.90177
0.276052
-0.894019
-1.64223
7.2398
7.26624
4.9576
4.31079
10.6042
8.13407
4.51994
7.80665
3.33318
3.84493
5.78513
1.71817
6.05956
2.434
-0.585229
2.32596
3.29521
8.64363
4.81505
1.2712
5.62333
6.35894
1.83314
-0.0300749
3.13853
1.74588
-1.01817
1.90439
5.04721
5.8431
2.08878
2.77468
2.57362
3.96611
-0.0199981
-1.60779
4.4365
3.10144
-1.6824
1.61156
7.10134
3.42633
2.5197
3.20683
3.67651
3.00071
4.90792
1.91614
-4.22986
5.384
3.55453
-0.788001
10.8054
3.69805
6.04109
3.11607
4.40927
1.45124
-2.06261
2.40508
3.1027
0.728236
-3.30935
-0.0881767
2.48507
0.102121
6.06066
0.77583
0.187135
3.87474
8.15595
2.10171
-2.67927
5.01049
10.9868
-2.99206
4.78034
-1.0367
3.81432
6.68392
5.30585
1.09371
3.84142
3.92177
3.73478
-2.54943
2.77824
5.54883
5.84144
2.39431
3.58441
0.37486
-4.08315
-1.13733
3.08595
4.85275
9.94358
6.4786
1.34488
3.79057
3.04301
1.03955
-0.310732
4.94133
4.59083
5.03111
0.307189
6.04595
1.66337
-1.21248
5.60979
0.123355
7.14453
4.85844
1.57287
2.94901
0.442521
-4.26048
2.28701
3.45136
2.8193
0.713205
4.89132
1.14184
5.14981
-0.331021
2.09627
-2.35478
7.03511
3.00235
2.05352
9.66733
4.65509
-2.85882
3.56565
2.77053
0.665717
3.31876
-1.76322
2.4208
-0.665927
4.94437
3.92017
6.73383
5.5548
5.09292
-1.65488
-0.959555
-1.15282
2.2138
-1.05307
1.26397
3.11575
3.56902
5.5424
3.54724
6.74595
7.63088
-1.37655
5.26804
-4.68226
0.615189
7.03232
5.96674
-1.99951
0.975877
-0.80818
-2.49216
3.3513
-3.06355
2.32492
-2.26261
2.72848
2.4828
7.59954
2.04675
0.801217
-3.48226
2.6243
2.71277
2.39506
6.50588
1.41222
2.83643
1.06734
-1.51667
-1.47446
2.69674
-1.48024
1.32403
3.15153
7.1248
5.94386
-1.29376
2.65595
3.31864
1.97756
2.09091
3.53281
3.49628
3.15005
1.51079
-1.46809
3.34075
1.94122
7.0724
5.90757
5.78257
3.66207
2.35182
2.48632
4.3151
2.32965
6.79728
3.46831
-1.00414
1.43497
3.96615
0.96281
11.4179
6.68718
6.40329
5.417
3.74091
-1.61376
-0.449225
-1.76449
-1.80616
2.00315
3.75789
4.65124
-0.677766
7.38941
1.61367
4.93517
-0.517382
6.16472
6.33404
-4.08214
6.14782
1.93775
5.94135
8.72224
0.219907
2.93391
0.736279
0.689937
3.98025
-0.19505
1.4294
6.98132
7.21899
3.44273
1.11665
5.20643
3.95884
6.35267
5.58222
4.69136
2.22017
0.578867
2.04989
1.75969
3.47989
-3.19071
1.93203
-3.58325
2.57611
0.611701
2.65577
-1.71992
3.31286
3.90131
4.86316
2.36364
6.76675
6.88219
-0.291812
5.00247
6.53392
0.444883
4.61058
3.29959
5.9309
5.11361
0.753173
5.44706
2.58055
8.81085
6.28727
2.42852
1.62782
-1.72308
3.04313
4.12318
1.25802
5.83614
-5.82967
3.47164
2.16823
5.15015
5.19388
-2.19828
4.58418
0.865242
-3.25345
7.00683
0.303922
4.07544
6.43962
5.1484
4.55333
1.39722
5.47084
-1.47763
7.82892
5.80349
0.998505
3.74469
-0.3365
-0.673169
4.81613
-2.53605
0.619019
5.86054
-1.46554
-1.41232
-1.82827
3.04864
7.83108
1.29503
1.75573
4.10466
3.30359
2.97255
2.85634
2.69766
2.00074
3.91723
2.46137
7.24044
4.30797
6.68243
6.0304
3.19749
0.505066
0.553724
4.88299
3.78754
6.05654
4.05477
2.33896
0.489831
0.519549
4.80922
3.24423
7.07284
0.497592
-3.16307
2.11887
3.50967
4.90821
-3.43896
1.47644
-1.40623
5.4619
-2.13005
4.06771
5.96841
2.39448
1.45716
1.45299
2.39801
3.48804
0.754535
8.54185
1.00077
-0.428293
0.459658
-0.69604
7.15741
-2.06837
0.890681
7.67814
0.583178
1.94003
5.36764
2.83763
2.56678
5.86162
3.76256
2.06508
7.86107
5.76645
2.57731
2.64392
4.37338
7.9834
3.37447
-1.38266
8.16934
2.92897
2.96948
4.46303
6.12109
2.68991
0.216423
3.43545
-2.15396
0.0389213
2.3513
4.57633
0.377806
7.22002
-1.35315
6.41334
0.149951
1.46728
3.46003
0.697292
1.87721
5.14949
1.18536
-1.93564
7.9886
7.79921
3.56767
1.87872
-0.261719
0.245462
5.02582
-3.906
6.96095
1.58936
-0.667587
1.88361
5.45647
3.10805
3.04801
0.729895
-4.77252
2.20345
2.76049
2.54391
4.26739
-2.81699
7.57789
6.73341
-1.68906
-5.14008
8.56204
3.4332
5.3763
0.296858
-7.20797
3.08447
2.78229
1.3168
2.6847
-0.344383
4.78279
5.22455
3.74922
2.14649
4.12174
-2.16232
5.70997
4.85467
-3.43596
0.468387
3.55863
3.10258
4.19775
2.25653
-4.46948
7.54586
1.37273
-2.83641
4.59806
-2.63993
1.23592
4.12854
4.84701
7.64063
0.543848
3.84268
1.92991
4.60926
1.23101
2.62445
0.390802
3.16924
-3.29539
1.23386
-2.3187
-3.47717
2.217
1.26649
2.86781
5.59563
3.82229
-0.799321
2.0346
1.18642
5.36345
0.595604
7.87395
2.67124
1.37382
2.77855
6.62514
-7.91906
2.50281
1.39937
7.09662
-4.66976
7.83403
4.37045
5.59672
3.58661
