5.41504
1.50677
1.94373
1.97922
0.186992
1.47814
3.83679
0.768796
1.05454
7.47192
2.46487
0.459128
0.496755
0.982117
10.0822
4.4462
8.07293
1.27188
1.49595
3.00954
0.566086
2.13019
0.661839
0.458405
2.70871
2.41255
0.644105
0.922989
7.29719
2.58089
1.08645
2.60526
1.39963
1.81681
2.38764
10.1921
1.36339
3.19465
9.06502
2.18901
0.187059
0.997704
2.7808
2.08341
4.59029
1.72451
0.563281
0.284322
2.51899
1.0599
7.31084
1.05919
1.99002
0.665576
2.63761
1.3069
3.45328
3.13355
0.276675
6.49027
0.503914
3.75494
1.12421
0.614415
2.68682
0.405796
2.89958
3.48304
0.415623
6.20526
0.423758
1.70482
1.39715
16.985
0.452913
1.05033
2.65696
2.48549
1.40859
1.18396
3.52688
0.441824
4.654
0.0204996
2.17527
3.95837
6.93676
2.18808
0.413828
1.18016
2.77786
2.30581
0.555701
1.96336
0.381237
2.07149
0.0569979
2.52691
2.36951
10.1582
2.99258
2.71599
0.55558
0.786911
2.22282
0.60335
3.6037
2.16831
0.0531934
0.628871
0.992352
6.54504
0.720618
0.49003
1.81792
0.0184412
0.689156
5.06743
0.698768
7.93192
2.7041
3.52881
2.74057
4.43448
2.18936
6.04531
0.268712
3.47941
5.35688
1.97536
0.741816
1.30213
0.887741
1.49464
5.97197
0.933859
0.926459
1.58726
3.91109
1.32816
11.5542
1.34429
3.69582
1.72587
2.63041
1.57393
1.61061
16.685
3.93331
3.15558
0.74484
1.30335
3.59034
1.26969
7.88506
0.378263
2.80952
4.0562
1.00242
1.08523
7.40735
1.97377
1.84309
0.473352
4.26344
10.1934
0.702828
4.1961
11.4996
3.45878
0.853502
0.926583
1.8592
4.39175
3.37636
7.83967
0.313869
2.4685
2.51446
4.77567
3.03347
6.23408
5.06837
1.75274
0.614058
4.93642
2.78971
0.588829
0.246169
0.541786
6.33261
3.91703
0.892225
1.98741
6.2387
0.532367
2.49635
1.82866
4.1212
0.195081
1.94767
0.871661
2.93933
2.8274
0.101758
4.11563
0.782008
5.54664
1.00702
3.8416
3.81759
1.99067
0.627024
1.60379
4.76234
2.22949
7.34066
5.71508
0.0211535
2.8694
1.51437
3.61562
0.181875
19.2944
1.96913
0.0212101
0.498615
8.69721
7.45947
0.485401
8.13975
7.44644
2.89468
7.03045
0.653021
3.35499
1.94007
0.680267
0.491769
0.872431
5.57224
1.75014
0.977885
9.97798
5.62261
3.44722
0.585857
1.37088
0.722526
5.65406
0.196782
0.462364
1.11765
0.745243
0.00843187
0.90394
4.39584
3.27983
5.73293
1.77478
9.45614
3.76386
4.64384
1.09017
2.523
0.839029
6.6117
8.08457
3.54801
10.4878
5.13759
0.469143
6.7061
3.0108
0.568989
1.36539
4.99059
2.9899
0.699021
0.472579
0.10368
0.125659
3.24739
0.36088
5.34206
7.02647
6.99683
1.57201
1.60994
2.59123
2.31787
1.93595
3.03822
2.65102
2.22114
0.652933
0.40441
1.17849
0.170316
2.29991
4.27234
8.6043
0.718738
0.297278
2.34728
5.77411
5.24924
3.54535
1.61167
2.78591
0.103171
0.857904
0.428132
0.659951
1.26447
3.3564
8.08312
8.25301
0.727744
0.10083
3.63256
2.60057
0.272265
0.181126
4.57289
2.72396
8.98187
2.28149
4.87425
3.72229
3.22458
1.49732
1.39958
0.78692
1.43367
1.06855
14.2386
0.551251
2.34787
1.47581
0.244602
1.01973
1.73804
1.93802
2.20084
0.789888
1.28413
0.733062
0.477085
0.240696
2.01728
9.60732
2.39289
0.470949
3.00141
1.13558
9.06526
2.01034
3.62236
5.64043
0.697204
0.919402
5.30358
2.85518
2.54558
4.98707
7.83149
2.00789
1.4009
0.810147
11.6729
1.54537
0.211307
0.322992
1.31124
2.04319
3.70354
0.334977
4.7384
4.04166
3.51811
8.80289
15.9661
3.60363
1.17192
1.60309
1.93904
1.06454
8.54879
6.87254
1.82074
1.05538
0.189932
3.90348
0.55826
2.41093
4.97193
0.7795
2.32176
2.28806
3.79663
1.09269
3.76785
4.9145
0.437987
2.63877
0.381708
3.14869
7.56577
1.02709
2.17685
3.38379
4.33108
1.05092
0.936603
5.69205
0.0993243
3.31281
0.127632
0.0280081
2.06935
0.852254
0.421313
1.25514
2.9069
1.96506
0.489678
4.02874
2.58172
2.21374
0.2247
1.78832
3.65942
3.52048
0.473176
0.726588
1.15676
3.55185
0.810002
0.00450143
0.34007
7.76943
3.42693
1.58797
1.40316
1.39037
0.393535
1.80384
7.24947
1.57867
3.93154
3.47486
2.79001
0.378227
1.63327
1.99027
0.897748
1.71003
0.153782
6.112
0.421857
3.44185
0.920023
0.110172
1.25907
0.349582
8.53351
0.30307
3.52614
5.30038
2.1328
1.78735
4.32818
1.16085
0.166981
5.2741
0.529431
1.71779
1.15117
1.30437
0.242996
0.382875
0.415145
3.05149
7.82046
0.248233
1.66035
0.328614
2.69187
4.28636
2.27033
0.537401
3.62511
4.59879
0.96127
0.104308
3.92244
6.98873
0.467787
1.90976
0.724477
1.83913
1.84799
2.56581
2.19194
0.855727
3.38848
0.33429
1.97323
2.86069
0.397056
0.186872
1.92229
0.86118
13.4988
2.73762
3.93219
0.662447
3.61424
0.045732
1.79646
2.1026
1.54257
2.33746
0.949781
2.37124
2.64266
13.2879
0.326392
0.196774
0.524021
6.31501
3.87646
0.982984
4.18239
2.37014
7.20641
12.2605
5.07366
0.0613282
1.83433
4.91423
0.665359
0.979778
1.5472
2.33007
0.782748
0.585925
0.897411
3.64363
5.19583
1.78102
0.870558
4.98583
0.0539159
3.83563
2.30635
5.54154
6.46916
3.02369
2.45534
3.79954
0.809458
1.83833
11.0986
1.75902
0.248424
2.78366
6.57374
2.65486
3.6529
0.801169
6.43211
0.11683
0.312211
2.59795
5.92685
5.76412
1.96561
0.890635
1.86068
0.71427
0.773897
3.57292
0.855368
3.30023
0.892271
2.32408
0.463384
4.09704
4.00613
5.8576
8.3649
0.376208
0.0864021
4.2557
0.269799
5.75915
1.68336
1.3485
1.29986
0.694381
0.773822
3.64596
2.32262
4.26303
0.269022
2.04221
0.298163
1.18816
2.15848
4.80345
2.27798
1.47869
6.26529
0.520511
0.0397706
0.0944892
4.24586
1.2225
0.717509
0.40818
4.5236
1.41316
0.468307
1.46108
6.46488
6.01074
1.2425
1.646
0.271574
0.0163836
2.69859
1.24991
2.65799
2.05258
2.3075
3.10251
0.954368
0.549679
0.177203
2.34434
5.29157
1.18318
2.38404
4.84477
2.25096
4.86646
2.0879
4.60037
1.34644
2.15466
1.07176
0.276671
10.7531
7.42058
0.17985
0.272264
5.91106
10.749
5.35686
1.05756
3.39687
0.266799
1.04402
2.2731
0.9896
5.75502
3.02376
3.94176
0.945158
1.37762
3.78657
0.968243
0.374917
3.23914
0.334654
0.0440211
0.573914
0.623119
0.742494
0.0808259
1.35032
2.65526
3.9126
2.3168
10.4978
0.401236
2.1889
1.67656
1.17413
3.43733
0.512534
0.844026
0.8664
6.32441
0.859106
6.12245
1.50371
15.7818
3.07701
9.88791
0.463492
0.674951
4.34439
2.89276
0.0215631
2.43616
1.49782
11.7531
4.65881
1.19594
0.512588
2.24706
0.316297
1.55521
2.06658
1.9575
1.61562
1.95078
2.54157
1.85041
1.74937
1.10987
2.91275
1.25988
1.6972
4.15712
1.17088
2.89377
2.07996
0.62693
9.66381
0.83734
2.95412
1.45443
3.40292
5.03057
2.10571
2.89258
3.02218
5.37109
0.186247
0.989975
1.10709
3.51952
1.16902
0.324265
3.14891
2.9727
4.40524
1.19301
4.59505
0.494433
5.8541
0.156008
1.05914
2.46116
1.87331
3.9829
2.96322
0.252491
0.243527
3.91688
3.63032
6.09411
0.327844
6.58686
2.27118
2.32117
0.493888
2.42214
2.33573
1.37213
3.79346
7.01071
1.81251
2.46697
0.0888717
2.26033
0.220529
2.02936
0.105613
2.81912
0.407672
2.58653
8.09308
2.53588
10.3138
1.58534
0.693625
2.32716
0.71156
3.9372
9.62659
7.76096
0.632391
5.55127
0.910466
17.9591
5.0073
1.30227
0.0985779
3.33365
2.28162
2.73395
7.62407
0.870467
0.000142147
1.16923
1.68521
0.435538
4.55816
2.59646
9.57771
4.19177
8.27522
4.9194
6.0519
0.657243
4.52007
1.00236
0.218905
3.67423
4.81501
6.71974
3.08784
1.4614
1.0071
1.49587
1.10727
6.28461
1.75252
2.78719
0.714374
4.4807
0.620177
8.50903
5.77375
1.24344
9.00495
14.8434
2.23391
2.76425
0.487875
0.614743
5.11948
11.8451
2.49782
2.17123
0.463279
0.391704
2.33297
4.39281
1.28415
2.53744
1.26403
1.14146
0.913238
1.84591
1.22663
2.83661
2.8262
1.81945
5.51674
6.37609
2.56557
0.535719
4.5592
3.79662
0.0732955
0.0734415
1.28298
4.95218
11.6653
4.36613
1.45559
1.32195
0.51035
0.358461
8.73961
5.19211
0.187657
5.6987
0.557758
0.829085
0.0110919
4.88088
3.76352
1.52057
5.05557
0.454298
2.33961
6.59775
4.5525
0.922717
7.19644
0.474827
9.34853
0.512736
0.372929
0.0236176
1.28085
1.12673
1.1093
6.13798
2.07405
3.25493
6.27082
3.75048
3.61551
1.11545
5.91947
0.120585
0.531468
3.80873
2.20094
7.28765
2.1009
6.55119
0.793218
2.10161
0.0865864
1.36386
0.117521
3.17268
0.528541
0.12602
8.11701
2.23398
3.65391
2.18487
0.988833
1.09492
1.20554
3.60427
2.31135
2.22565
1.20626
4.03059
0.467821
1.0857
1.6391
1.44662
0.835464
1.09394
0.635326
1.36118
2.90708
2.93952
1.85628
0.761782
3.03716
1.97901
3.02233
0.775421
0.473607
9.77287
0.819896
0.571287
1.17025
1.03928
1.82839
2.6147
2.67693
0.00606483
1.13592
3.06889
2.30734
0.304023
4.42767
3.31176
1.63811
0.566663
2.02218
1.44092
1.6491
2.72054
1.32637
7.6986
5.60119
1.43857
1.05284
2.32091
0.324881
0.42266
2.10212
2.36353
0.853939
1.60682
1.83885
1.5815
0.00404102
3.66944
0.942876
2.47751
7.21322
0.922621
0.0611853
2.45676
