2.77603
2.96146
2.92535
2.92266
3.11345
2.96404
2.82148
3.03731
3.00548
2.74538
2.88922
3.07581
3.07089
3.01323
2.72865
2.80075
2.74
2.98341
2.96243
2.85819
3.06201
2.91162
3.05011
3.0759
2.87456
2.89255
3.05229
3.01972
2.74718
2.88208
3.00213
2.88062
2.97124
2.93525
2.89415
2.72824
2.97463
2.84898
2.73336
2.90748
3.11344
3.01155
2.87047
2.91498
2.79649
2.94274
3.06237
3.09955
2.88586
3.00491
2.74703
3.00499
2.92185
3.04966
2.8787
2.98002
2.83711
2.85195
3.10063
2.75716
3.06996
2.82463
2.99821
3.05595
2.87582
3.08289
2.86396
2.83582
3.08157
2.76146
3.08049
2.94437
2.97147
2.7191
3.07662
3.00592
2.87756
2.88793
2.9704
2.99212
2.83394
3.07809
2.79468
3.13841
2.90844
2.81696
2.75127
2.90755
3.08181
2.99251
2.87063
2.89953
3.06333
2.92386
3.0862
2.91584
3.13281
2.88537
2.89533
2.72837
2.85906
2.87414
3.06334
3.03519
2.90514
3.05733
2.83072
2.90893
3.13339
3.05416
3.01212
2.75639
3.04302
3.07176
2.93516
3.13873
3.0468
2.7839
3.04564
2.74116
2.87482
2.83386
2.87274
2.80111
2.90746
2.76408
3.10175
2.83598
2.77727
2.92295
3.04049
2.98047
3.02365
2.96255
2.76533
3.01851
3.01933
2.95437
2.8187
2.97798
2.72432
2.97644
2.82697
2.94263
2.87913
2.95553
2.95235
2.7192
2.81788
2.85087
3.04014
2.98036
2.83127
2.98362
2.74156
3.0866
2.86887
2.81348
3.01104
3.00225
2.74603
2.92307
2.93316
3.07394
2.80649
2.72824
3.04515
2.8087
2.72444
2.83687
3.02752
3.01932
2.93189
2.80242
2.84053
2.74195
3.09543
2.889
2.88614
2.79134
2.85696
2.761
2.78388
2.94042
3.056
2.78714
2.86997
3.05915
3.10494
3.0651
2.75948
2.81848
3.02315
2.92205
2.76093
3.0663
2.88726
2.9343
2.81123
3.11228
2.92505
3.02546
2.86185
2.86788
3.12604
2.81142
3.03576
2.7733
3.01054
2.8213
2.82221
2.92181
3.05439
2.95293
2.7917
2.90469
2.74672
2.76999
3.13831
2.86559
2.96078
2.83023
3.1142
2.71863
2.92342
3.1383
3.07065
2.73555
2.7455
3.07237
2.73947
2.74563
2.86422
2.75015
3.05119
2.84149
2.92563
3.04787
3.07154
3.02538
2.77278
2.94063
3.01369
2.72906
2.77178
2.83738
3.05952
2.97393
3.04279
2.77117
3.11203
3.07538
2.99889
3.04009
3.14028
3.02184
2.80229
2.84494
2.76965
2.93863
2.73134
2.82428
2.79497
3.00174
2.88561
3.02917
2.75546
2.73991
2.83304
2.72722
2.78223
3.07449
2.75419
2.85812
3.06164
2.97444
2.78578
2.8592
3.04561
3.07404
3.12575
3.12247
2.84646
3.08896
2.7776
2.7502
2.75055
2.95569
2.9524
2.88146
2.89872
2.92594
2.85672
2.87791
2.90526
3.0512
3.08308
2.99268
3.11588
2.89992
2.8062
2.73615
3.04324
3.09774
2.89678
2.76888
2.77966
2.83316
2.95225
2.87018
3.12583
3.02702
3.07991
3.05034
2.98413
2.84143
2.73992
2.73861
3.04217
3.12618
2.82953
2.8809
3.10125
3.11431
2.797
2.87368
2.73383
2.90116
2.78874
2.82592
2.84754
2.96231
2.97124
3.03519
2.96809
3.004
2.72053
3.06389
2.89674
2.96425
3.10516
3.00918
2.94163
2.92579
2.90666
3.03485
2.98222
3.04153
3.07345
3.10572
2.91982
2.73063
2.89381
3.07425
2.85861
2.99704
2.73336
2.92034
2.82995
2.77143
3.04583
3.02012
2.77844
2.86636
2.88422
2.78587
2.74202
2.92052
2.97112
3.03249
2.72406
2.95803
3.10993
3.09417
2.9796
2.91791
2.82666
3.09251
2.79235
2.81399
2.83431
2.73489
2.71947
2.83072
2.99334
2.95299
2.92571
3.00442
2.73651
2.75206
2.93493
3.00539
3.11302
2.81898
3.063
2.89265
2.78625
3.03606
2.89847
2.90071
2.82301
3.00148
2.82413
2.7877
3.0786
2.87863
3.08614
2.8512
2.74446
3.00839
2.90833
2.84019
2.80432
3.00586
3.01821
2.77043
3.1264
2.84342
3.12218
3.13725
2.916
3.02766
3.08081
2.98505
2.86357
2.92373
3.07181
2.81444
2.88203
2.90577
3.10801
2.93753
2.82844
2.83421
3.07396
3.0423
2.99488
2.83288
3.03251
3.14089
3.09181
2.74257
2.83827
2.9543
2.97091
2.9721
3.08454
2.93629
2.74769
2.95511
2.81794
2.83617
2.86995
3.08661
2.9504
2.92183
3.02253
2.94394
3.11831
2.76297
3.08074
2.83762
3.02005
3.12478
2.98466
3.09051
2.73662
3.09693
2.83397
2.77851
2.91144
2.93761
2.80441
2.99446
3.11637
2.7791
3.06668
2.9433
2.99545
2.98026
3.10539
3.08598
3.08164
2.85604
2.74212
3.10465
2.9481
3.09339
2.87553
2.80575
2.90191
3.06566
2.82984
2.79625
3.0155
3.12566
2.81828
2.75065
3.07467
2.92795
3.04256
2.93347
2.93277
2.88299
2.90728
3.02727
2.83998
3.09261
2.92312
2.86606
3.08406
3.11347
2.92699
3.02665
2.72123
2.8729
2.81792
3.05004
2.83028
3.13453
2.93688
2.91359
2.95828
2.89743
3.01676
2.89522
2.8784
2.72147
3.0937
3.11203
3.06737
2.75975
2.81998
3.01314
2.80916
2.89529
2.74816
2.72294
2.78375
3.13215
2.93385
2.78771
3.04968
3.01349
2.95787
2.89792
3.03568
3.05951
3.02257
2.82908
2.78088
2.93812
3.02559
2.7859
3.13328
2.82152
2.89949
2.7734
2.75746
2.85746
2.88983
2.8229
3.03257
2.93354
2.72542
2.93991
3.10462
2.87031
2.75599
2.87769
2.8287
3.03353
2.758
3.12378
3.09566
2.88106
2.76612
2.76907
2.92369
3.02333
2.93177
3.04377
3.03671
2.832
3.02731
2.844
3.02314
2.89831
3.07525
2.81206
2.81525
2.76735
2.73779
3.08688
3.12835
2.80674
3.1016
2.76916
2.94617
2.97604
2.98069
3.04617
3.03672
2.82898
2.89841
2.8065
3.1017
2.91798
3.09762
2.9917
2.90962
2.7906
2.90139
2.96399
2.76052
3.06782
3.13544
3.12713
2.80706
2.98827
3.04339
3.08257
2.79844
2.96998
3.0746
2.96558
2.75753
2.76466
2.98629
2.94932
3.10135
3.13905
2.87514
2.98556
2.8775
2.91722
2.89941
2.85348
3.01626
3.06409
3.11488
2.89698
2.77871
2.9922
2.89438
2.7895
2.90322
2.78894
2.91465
2.79621
2.97624
2.90989
3.00366
3.10063
2.72639
2.74589
3.11449
3.10125
2.76639
2.7264
2.77728
3.00516
2.83961
3.10202
3.00659
2.90172
3.01242
2.76924
2.85746
2.81757
3.01727
2.97329
2.8234
3.01474
3.08706
2.84685
3.09256
3.13479
3.06102
3.05487
3.04041
3.12919
2.97587
2.87766
2.81864
2.89879
2.72718
3.0835
2.90749
2.94674
2.99312
2.83781
3.06885
3.0286
3.02606
2.75961
3.02689
2.76279
2.96173
2.71956
2.85476
2.72942
3.07523
3.04852
2.8039
2.86433
3.13825
2.89104
2.96226
2.72389
2.79455
2.99092
3.06884
2.90349
3.09509
2.95717
2.9162
2.9243
2.95192
2.92481
2.88447
2.93258
2.9407
2.99969
2.86326
2.98458
2.94501
2.81001
2.99344
2.86427
2.91523
3.0544
2.73038
3.02937
2.86107
2.96619
2.83934
2.7848
2.91337
2.86434
2.85754
2.77697
3.11356
3.01238
2.99998
2.83425
2.99363
3.09399
2.85119
2.86009
2.802
2.99121
2.79636
3.07119
2.76741
3.11798
3.00499
2.88946
2.93078
2.81608
2.86059
3.10404
3.10532
2.81848
2.82962
2.76326
3.0935
2.7558
2.90185
2.89851
3.07126
2.89193
2.89754
2.97381
2.82314
2.75039
2.93559
2.88909
3.12798
2.90258
3.10861
2.91893
3.12546
2.86834
3.08264
2.88174
2.73984
2.88482
2.72781
2.95453
3.04626
2.89811
3.0441
2.81774
2.73055
2.74264
3.05373
2.7732
3.02111
2.71885
2.78537
2.98046
3.12652
2.84246
2.90115
2.87311
2.7439
3.0256
3.14157
2.99361
2.94601
3.07892
2.79742
2.88115
2.73077
2.80884
2.73844
2.78758
2.76397
3.05068
2.79854
3.01104
3.10884
2.82784
2.79029
2.75401
2.85421
2.96555
3.01053
2.96244
2.99996
2.76022
2.94044
2.87011
3.04376
2.79971
3.05524
2.73678
2.76889
2.9862
2.7337
2.72008
2.90438
2.8714
3.07204
3.05591
2.78266
2.7237
2.88717
2.90873
3.07526
3.08478
2.89772
2.80239
2.98221
2.88472
2.98418
2.99644
3.0208
2.93294
2.98786
2.86738
2.86795
2.93504
2.77391
2.75883
2.88301
3.06587
2.79739
2.82301
3.13033
3.13031
2.98233
2.78675
2.72408
2.80322
2.96608
2.97857
3.06913
3.08929
2.73528
2.78096
3.11336
2.7703
3.06307
3.03031
3.13987
2.78856
2.8243
2.96023
2.78419
3.07644
2.89729
2.75565
2.79759
3.01975
2.74827
3.07375
2.73187
3.06882
3.08733
3.13793
2.98254
2.99795
2.99975
2.76254
2.91566
2.84611
2.76043
2.82481
2.83023
2.99911
2.76625
3.12322
3.06642
2.82255
2.90665
2.74728
2.91372
2.7563
3.03446
2.91367
3.12832
2.97459
3.12368
2.85004
3.06679
3.12242
2.73965
2.90438
2.82866
2.90777
3.0125
3.00124
2.98996
2.83069
2.89916
2.90495
2.98989
2.81438
3.07466
3.0022
2.94991
2.9669
3.02958
3.00134
3.05337
2.97484
2.86356
2.86184
2.93212
3.03814
2.85677
2.92268
2.85753
3.03653
3.07391
2.7299
3.03137
3.06135
2.99351
3.00709
2.93433
2.88006
2.8764
3.14065
2.99701
2.85516
2.89942
3.0968
2.80132
2.84347
2.94999
3.06194
2.91946
2.96742
2.94906
2.87388
2.97815
2.74321
2.7722
2.96764
3.00566
2.89852
3.09391
3.08063
2.91363
2.89572
3.02747
2.95267
2.9335
2.95487
3.14096
2.82803
3.01752
2.88843
2.74808
3.01976
3.13217
2.88974
