3.40654
-0.642134
-6.79327
-3.2811
3.12522
4.9084
5.24614
0.164863
1.2994
3.29903
6.21974
1.74101
4.33805
5.4593
3.16922
1.11651
-2.97227
5.29534
2.13163
6.94885
4.34766
4.05981
-1.05692
-2.87324
4.86233
5.64009
2.18181
0.669452
-0.614448
7.59663
3.74009
10.6646
1.59945
2.51977
-2.28696
5.48143
2.53313
1.09731
3.3032
4.03354
1.0123
-4.06381
3.12384
-1.50849
7.8262
-0.284976
3.34109
1.20042
7.4409
2.39941
7.28914
-1.95841
-0.298833
-0.872639
1.07648
4.90143
6.16772
4.58709
5.77248
1.63769
-1.30193
-0.0998912
3.06596
6.34417
4.15694
5.49554
-1.49396
-2.53403
8.11023
6.22698
4.96437
1.2629
-2.10266
1.80102
2.40417
0.211634
3.92334
5.64331
-0.363636
-3.2918
2.52421
6.97832
2.40945
6.14225
2.53334
3.56011
1.57145
2.52137
-0.871068
-1.84105
4.542
5.02975
7.03149
1.87888
1.602
-2.5541
0.946765
3.55719
4.6482
4.257
3.44272
2.7364
0.99309
4.09881
-1.66751
0.20248
-0.943097
1.09263
-0.298148
2.30948
1.87773
4.25529
2.55444
-0.863718
4.66355
6.97375
4.51557
7.88323
3.76772
0.76806
4.22339
8.22636
4.57862
-1.58967
2.80579
2.33132
3.36734
-2.5474
5.95763
-3.71398
0.332122
-0.663468
4.67041
6.98492
5.10856
-1.67471
-1.12064
0.705301
6.13281
6.54755
2.63067
0.370466
6.61529
2.8055
0.508079
4.81862
5.6266
5.89351
-1.7533
2.78677
1.98705
2.37049
2.0165
5.55514
-0.954311
1.55761
0.560835
1.78629
2.99135
-1.08554
1.18887
4.06847
6.3047
1.05381
2.04358
1.68648
2.23954
8.37564
3.52618
-5.17827
8.31058
2.43219
-1.14173
-1.51712
0.968067
3.90074
-0.657762
5.22306
2.33043
-2.41973
3.53698
7.14896
1.99577
-1.23733
-2.32881
4.27952
3.492
2.6941
0.847348
2.03443
0.547339
5.69449
7.51734
2.54297
4.34541
5.13241
2.9502
-0.688849
1.51352
0.659669
4.05207
6.64736
1.24258
3.76717
6.43804
5.04668
0.741491
-0.250464
2.89718
-0.58104
4.4014
-0.445608
7.40176
0.626184
3.39671
2.02506
1.93459
0.800481
4.02234
6.5774
1.26358
-0.246218
4.52376
4.1675
4.97271
1.53495
3.0701
0.267991
-3.9703
5.8181
1.6173
-5.88601
-0.651113
-2.02362
7.22883
1.80042
3.89979
5.60224
2.3763
4.83671
3.81494
3.45876
-0.373839
2.08173
1.31979
0.546717
-3.72801
5.1259
3.93567
4.23455
-1.80523
5.48804
0.514581
-1.79407
1.20355
-0.861398
2.48454
1.12562
1.1024
0.524817
4.8634
-2.74172
7.34956
4.53572
8.11171
5.49656
8.22891
-2.61326
3.51977
4.49064
-0.823746
12.6907
7.76854
1.59782
6.90276
4.67861
1.1961
2.64103
6.33736
1.81237
6.49768
-1.29925
2.63565
1.02607
0.864639
1.54896
5.05146
5.71662
1.49458
-0.197639
-0.756989
1.61555
2.61039
0.565374
7.41838
4.60558
2.83367
1.8727
0.955177
9.99844
4.34708
1.68361
1.0867
0.782216
5.01445
9.03218
9.12404
2.35453
9.07885
3.13954
1.61136
6.66865
4.2558
0.636466
-2.68124
-3.0966
5.18361
-0.966502
0.595819
1.1394
1.60113
5.9553
1.48347
5.16804
3.26404
1.42801
-2.84634
1.37868
4.68459
-0.535027
0.594188
3.89381
8.1506
1.94348
3.85054
5.81814
2.08949
-4.00616
1.20363
4.57887
-0.597046
-3.85345
2.82931
5.32075
-0.0646866
-0.232642
4.20142
4.6193
-1.30874
5.41283
4.16444
-2.72203
7.81824
7.67422
2.86256
6.23206
3.04013
0.388376
0.261788
-0.215878
5.5472
1.63519
-0.761285
11.5074
3.56668
8.32832
1.32711
4.9907
5.5159
3.67174
0.555631
1.34768
6.41517
-6.19317
4.54682
-0.838931
3.11991
6.82903
6.43095
7.55154
1.40852
5.40719
5.85494
3.06687
-1.1224
1.03567
6.72256
1.89129
0.270297
0.885279
2.47555
2.56711
2.66522
6.59105
2.87487
7.70479
-4.97375
3.183
8.01954
1.48424
4.69941
1.62273
-4.1038
1.98969
8.27461
2.54893
5.03249
0.559847
-6.38604
6.58475
-3.25507
7.92597
0.609635
7.99117
5.20018
-0.56169
1.46711
-1.64295
-1.23982
2.82727
4.90891
5.85803
-3.28141
7.95195
5.08065
4.64611
-0.33528
5.52271
2.92185
-0.988506
0.364448
4.28143
-0.563338
2.08
1.86316
0.68338
-1.89985
0.987624
2.90555
8.0581
2.77396
1.57636
1.96734
4.91818
2.01127
0.36459
5.48577
0.0138459
1.91757
5.43309
8.3812
2.33947
7.66524
2.79812
0.10366
5.5688
-0.187336
6.01046
0.951764
7.92467
1.32857
4.43135
1.44182
1.81784
9.8935
5.24394
6.83896
4.51778
0.11097
5.47616
-1.61914
1.61041
2.52009
5.56593
3.61185
5.14416
-1.25074
2.13958
8.73405
-2.32522
4.51
-1.05604
4.36779
3.94434
3.92076
-1.23057
3.60897
6.33307
5.01884
9.40736
7.1881
-1.68508
0.987169
-4.42052
-2.95223
0.454414
5.52792
4.52612
2.3375
4.85473
3.93305
-0.232118
-1.03238
1.76874
-1.12991
1.98912
-1.48158
2.23831
-0.271384
9.62271
4.79462
3.61512
4.0151
0.0864035
4.34313
1.86535
0.600368
8.47177
0.492879
3.86053
-0.859856
0.410284
5.17803
7.67295
5.31714
-0.546533
1.49071
5.03974
4.43032
4.51457
-2.26001
7.0923
1.40131
-1.98835
8.07111
-4.43378
-1.4241
5.55917
4.41272
5.10392
1.18037
3.58617
1.07776
3.66985
4.09997
4.41125
0.886871
-0.799891
1.96566
2.83636
4.25454
-0.692405
1.97182
6.63829
3.21338
5.72139
-1.16792
-6.75789
0.584162
11.8734
3.17054
-5.05634
9.22586
3.72215
6.49266
-1.8874
-1.94781
3.30462
-1.42172
6.7223
7.23509
2.18451
5.64556
-2.84299
0.259904
1.18367
-3.78749
1.07542
0.0324788
1.4471
3.29521
4.00325
-1.14081
5.54319
5.23453
3.69525
-0.766421
-1.21054
4.4353
-0.866469
4.04904
1.45984
-0.125455
7.99107
-2.22883
2.75509
4.75435
1.90732
2.26134
3.4373
1.15483
1.7773
-3.23326
-2.59995
1.72716
6.404
8.6044
-1.62805
2.10165
2.3515
-5.24166
3.82018
2.51296
4.20485
2.56013
5.28514
2.38075
3.78965
1.7194
5.8832
2.3078
0.988862
2.86757
1.49136
1.47452
7.26365
0.390483
5.08676
1.53057
3.65636
3.8975
-0.655859
-3.42343
-0.393559
3.02931
2.11342
6.38927
3.11432
1.33719
-1.03273
3.36663
1.82703
4.57155
-0.284091
2.20513
3.61744
5.29438
-2.75871
4.93533
8.21623
0.527921
3.62198
-4.19611
3.93219
0.592559
4.57631
3.68059
-0.0364375
-3.58469
-0.0330471
4.09073
4.26647
-0.688311
-4.15076
-1.48267
1.65732
-1.62996
7.74566
7.3446
6.49143
2.90887
8.49106
-1.67819
6.78869
3.2884
-4.21145
6.41054
1.44361
0.878735
0.437961
-0.660875
3.95464
8.3581
6.91003
2.802
2.79141
4.56595
5.16885
4.12038
-2.17138
3.40713
2.033
0.119834
2.23149
4.58564
-0.0335166
7.43578
6.36654
0.439472
3.66866
-3.19653
1.71071
1.91157
1.41758
5.38952
-1.13192
0.990112
4.9146
0.392251
2.4218
-0.0346596
2.46112
1.91336
7.88883
2.99437
3.94498
2.4801
3.29584
2.45711
0.773832
1.58343
-2.46707
6.06153
6.58954
-1.45154
5.24015
-2.40686
-3.59514
-1.16991
4.73536
4.17357
5.63275
9.74785
6.51571
5.42297
6.49251
4.20206
6.79693
-1.3063
-1.20443
7.86329
2.82207
2.08059
-3.71099
6.3795
0.231343
5.16977
4.61043
6.91802
6.17856
-4.79644
3.37943
-1.31975
6.34033
5.62613
2.18654
0.761339
-0.192523
6.93479
3.35885
10.5927
0.517227
-3.99288
5.00709
0.862605
3.19738
3.47202
-0.435126
0.373285
8.37041
-4.72015
-0.826648
3.95212
8.01155
11.7938
4.01373
0.340277
7.7363
3.29258
1.55554
2.52015
3.71499
2.58213
6.52491
4.16037
8.19393
4.97485
0.475368
0.338662
1.90162
3.75324
7.51112
2.79663
-1.23357
1.39393
5.79081
2.22239
-0.224983
2.21098
3.54869
3.62648
5.88925
0.574993
2.29914
0.0536715
5.43986
2.68187
2.94536
3.1
-3.53161
1.04488
6.24656
4.10856
-0.562004
5.00546
0.474356
4.03047
0.891747
-1.87767
3.22653
3.94842
9.72555
6.08789
1.53394
0.669432
2.92344
7.46275
7.5265
3.39426
5.97678
5.20958
5.44159
-1.63619
2.40213
1.22718
3.68143
8.67189
3.70745
3.19358
-5.22099
6.54227
1.59802
3.64131
5.38803
2.96398
5.79998
9.56311
8.18753
0.511888
0.566506
4.06163
3.13056
-2.76416
1.89639
6.56862
4.38871
8.67026
0.376568
9.14274
-1.90508
-0.262506
1.33218
3.51269
0.26375
2.46368
6.58711
2.43368
-2.09474
1.49219
2.65363
3.3833
1.17833
0.083609
1.10734
5.47629
5.74325
3.27438
7.60158
0.861541
-2.23764
5.70205
1.96527
3.44024
7.11225
5.37538
3.87451
1.55676
6.0207
2.13534
1.60507
6.44586
-0.168363
0.756275
1.11557
0.847433
1.2013
2.41284
3.83206
5.10376
7.60053
3.9795
0.157874
1.99581
-2.2026
-0.937861
6.35602
5.67052
-0.0623212
6.03817
2.1235
4.12289
2.81905
5.63819
3.13977
4.46952
6.7671
8.61692
2.19721
4.44816
-0.58391
6.20669
5.21468
7.8956
1.38937
3.56871
5.12104
-0.157879
1.64078
4.39358
3.34693
6.61836
0.297426
7.2236
5.59773
-3.61569
3.68757
3.03616
6.0566
-1.96406
0.948201
7.22175
5.58583
-1.63417
-4.74651
6.58726
3.82141
3.26289
-3.63518
-2.46932
5.25682
-0.111759
2.16751
8.14013
0.549263
-2.54852
-3.87454
2.87171
-0.046792
4.90841
2.16155
2.40799
5.6308
-0.77778
-2.72726
-3.40244
4.84915
4.01893
-0.478166
4.10337
-3.86022
3.5581
2.04374
0.712711
3.34661
4.63087
5.55165
6.86469
-0.231268
2.77154
6.57842
7.25826
1.69329
-1.16738
3.07255
1.79355
5.85866
4.83654
7.72839
3.02588
-0.65534
1.45127
7.05753
-1.46868
-3.91655
0.349302
4.09616
-1.22541
4.07464
1.04184
6.7263
