5.41504
1.50677
1.94373
1.97922
0.186992
1.47814
3.83679
0.768796
1.05454
7.47192
2.46487
0.459128
0.496755
0.982117
10.0822
4.4462
8.07293
1.27188
1.49595
3.00954
0.566086
2.13019
0.661839
0.458405
2.70871
2.41255
0.644105
0.922989
7.29719
2.58089
1.08645
2.60526
1.39963
1.81681
2.38764
10.1921
1.36339
3.19465
9.06502
2.18901
0.187059
0.997704
2.7808
2.08341
4.59029
1.72451
0.563281
0.284322
2.51899
1.0599
7.31084
1.05919
1.99002
0.665576
2.63761
1.3069
3.45328
3.13355
0.276675
6.49027
0.503914
3.75494
1.12421
0.614415
2.68682
0.405796
2.89958
3.48304
0.415623
6.20526
0.423758
1.70482
1.39715
16.985
0.452913
1.05033
2.65696
2.48549
1.40859
1.18396
3.52688
0.441824
4.654
0.0204996
2.17527
3.95837
6.93676
2.18808
0.413828
1.18016
2.77786
2.30581
0.555701
1.96336
0.381237
2.07149
0.0569979
2.52691
2.36951
10.1582
