2.77603
2.96146
2.92535
2.92266
3.11345
2.96404
2.82148
3.03731
3.00548
2.74538
2.88922
3.07581
3.07089
3.01323
2.72865
2.80075
2.74
2.98341
2.96243
2.85819
3.06201
2.91162
3.05011
3.0759
2.87456
2.89255
3.05229
3.01972
2.74718
2.88208
3.00213
2.88062
2.97124
2.93525
2.89415
2.72824
2.97463
2.84898
2.73336
2.90748
3.11344
3.01155
2.87047
2.91498
2.79649
2.94274
3.06237
3.09955
2.88586
3.00491
2.74703
3.00499
2.92185
3.04966
2.8787
2.98002
2.83711
2.85195
3.10063
2.75716
3.06996
2.82463
2.99821
3.05595
2.87582
3.08289
2.86396
2.83582
3.08157
2.76146
3.08049
2.94437
2.97147
2.7191
3.07662
3.00592
2.87756
2.88793
2.9704
2.99212
2.83394
3.07809
2.79468
3.13841
2.90844
2.81696
2.75127
2.90755
3.08181
2.99251
2.87063
2.89953
3.06333
2.92386
3.0862
2.91584
3.13281
2.88537
2.89533
2.72837
