3.40654
-0.642134
-6.79327
-3.2811
3.12522
4.9084
5.24614
0.164863
1.2994
3.29903
6.21974
1.74101
4.33805
5.4593
3.16922
1.11651
-2.97227
5.29534
2.13163
6.94885
4.34766
4.05981
-1.05692
-2.87324
4.86233
5.64009
2.18181
0.669452
-0.614448
7.59663
3.74009
10.6646
1.59945
2.51977
-2.28696
5.48143
2.53313
1.09731
3.3032
4.03354
1.0123
-4.06381
3.12384
-1.50849
7.8262
-0.284976
3.34109
1.20042
7.4409
2.39941
7.28914
-1.95841
-0.298833
-0.872639
1.07648
4.90143
6.16772
4.58709
5.77248
1.63769
-1.30193
-0.0998912
3.06596
6.34417
4.15694
5.49554
-1.49396
-2.53403
8.11023
6.22698
4.96437
1.2629
-2.10266
1.80102
2.40417
0.211634
3.92334
5.64331
-0.363636
-3.2918
2.52421
6.97832
2.40945
6.14225
2.53334
3.56011
1.57145
2.52137
-0.871068
-1.84105
4.542
5.02975
7.03149
1.87888
1.602
-2.5541
0.946765
3.55719
4.6482
4.257
